# Temperatura_=_0.06502923976608123
# Concentracion g/m^3_=_11700.0
# C_Vs_to_Am_M_A/Vsm_=_254322799225.57578
# pendiente_HvsI_1/m_=_3716.3
# ordenada_HvsI_A/m_=_1297.0
# frecuencia_Hz_=_136203.02664632458
# Promedio de 855 ciclos

Tiempo_(s)	Campo_(V.s)	Magnetizacion_(V.s)	Campo_(kA/m)	Magnetizacion_(A/m)
0.000000e+00	-7.200346e-09	-2.906574e-09	-3.838245e+01	-7.397211e+02
1.000000e-08	-7.200530e-09	-2.908008e-09	-3.838343e+01	-7.398567e+02
2.000000e-08	-7.200349e-09	-2.908696e-09	-3.838246e+01	-7.399604e+02
3.000000e-08	-7.199639e-09	-2.907955e-09	-3.837868e+01	-7.400305e+02
4.000000e-08	-7.198218e-09	-2.907036e-09	-3.837111e+01	-7.400659e+02
5.000000e-08	-7.196007e-09	-2.906954e-09	-3.835932e+01	-7.400668e+02
6.000000e-08	-7.193101e-09	-2.907450e-09	-3.834383e+01	-7.400345e+02
7.000000e-08	-7.189684e-09	-2.909467e-09	-3.832561e+01	-7.399711e+02
8.000000e-08	-7.185861e-09	-2.913548e-09	-3.830524e+01	-7.398799e+02
9.000000e-08	-7.181499e-09	-2.908655e-09	-3.828198e+01	-7.397648e+02
1.000000e-07	-7.176369e-09	-2.887924e-09	-3.825463e+01	-7.396298e+02
1.100000e-07	-7.170534e-09	-2.886008e-09	-3.822353e+01	-7.394792e+02
1.200000e-07	-7.164367e-09	-2.925427e-09	-3.819066e+01	-7.393168e+02
1.300000e-07	-7.158030e-09	-2.939589e-09	-3.815688e+01	-7.391456e+02
1.400000e-07	-7.151275e-09	-2.890760e-09	-3.812087e+01	-7.389679e+02
1.500000e-07	-7.143939e-09	-2.869871e-09	-3.808176e+01	-7.387846e+02
1.600000e-07	-7.136188e-09	-2.921237e-09	-3.804044e+01	-7.385956e+02
1.700000e-07	-7.128084e-09	-2.934886e-09	-3.799724e+01	-7.383999e+02
1.800000e-07	-7.119346e-09	-2.871825e-09	-3.795067e+01	-7.381952e+02
1.900000e-07	-7.109773e-09	-2.859417e-09	-3.789964e+01	-7.379788e+02
2.000000e-07	-7.099558e-09	-2.925046e-09	-3.784518e+01	-7.377477e+02
2.100000e-07	-7.088899e-09	-2.929632e-09	-3.778836e+01	-7.374988e+02
2.200000e-07	-7.077674e-09	-2.862295e-09	-3.772853e+01	-7.372295e+02
2.300000e-07	-7.065798e-09	-2.867174e-09	-3.766522e+01	-7.369379e+02
2.400000e-07	-7.053400e-09	-2.929380e-09	-3.759913e+01	-7.366230e+02
2.500000e-07	-7.040478e-09	-2.909458e-09	-3.753025e+01	-7.362849e+02
2.600000e-07	-7.026865e-09	-2.857499e-09	-3.745768e+01	-7.359248e+02
2.700000e-07	-7.012575e-09	-2.893081e-09	-3.738151e+01	-7.355449e+02
2.800000e-07	-6.997646e-09	-2.926273e-09	-3.730193e+01	-7.351479e+02
2.900000e-07	-6.981945e-09	-2.876145e-09	-3.721823e+01	-7.347372e+02
3.000000e-07	-6.965531e-09	-2.861182e-09	-3.713073e+01	-7.343160e+02
3.100000e-07	-6.948671e-09	-2.906667e-09	-3.704086e+01	-7.338870e+02
3.200000e-07	-6.931475e-09	-2.887314e-09	-3.694920e+01	-7.334521e+02
3.300000e-07	-6.913873e-09	-2.844811e-09	-3.685536e+01	-7.330120e+02
3.400000e-07	-6.895836e-09	-2.884062e-09	-3.675921e+01	-7.325659e+02
3.500000e-07	-6.877345e-09	-2.907799e-09	-3.666065e+01	-7.321112e+02
3.600000e-07	-6.858357e-09	-2.851933e-09	-3.655942e+01	-7.316437e+02
3.700000e-07	-6.838918e-09	-2.844595e-09	-3.645580e+01	-7.311579e+02
3.800000e-07	-6.819127e-09	-2.894429e-09	-3.635031e+01	-7.306467e+02
3.900000e-07	-6.798950e-09	-2.873292e-09	-3.624275e+01	-7.301023e+02
4.000000e-07	-6.778269e-09	-2.829439e-09	-3.613251e+01	-7.295165e+02
4.100000e-07	-6.757071e-09	-2.860413e-09	-3.601950e+01	-7.288815e+02
4.200000e-07	-6.735391e-09	-2.878105e-09	-3.590394e+01	-7.281897e+02
4.300000e-07	-6.713223e-09	-2.838933e-09	-3.578577e+01	-7.274352e+02
4.400000e-07	-6.690587e-09	-2.837350e-09	-3.566511e+01	-7.266135e+02
4.500000e-07	-6.667521e-09	-2.858016e-09	-3.554215e+01	-7.257219e+02
4.600000e-07	-6.644068e-09	-2.833496e-09	-3.541713e+01	-7.247599e+02
4.700000e-07	-6.620289e-09	-2.819801e-09	-3.529037e+01	-7.237289e+02
4.800000e-07	-6.596152e-09	-2.841987e-09	-3.516170e+01	-7.226322e+02
4.900000e-07	-6.571460e-09	-2.833929e-09	-3.503008e+01	-7.214748e+02
5.000000e-07	-6.546031e-09	-2.810893e-09	-3.489453e+01	-7.202627e+02
5.100000e-07	-6.519846e-09	-2.818761e-09	-3.475495e+01	-7.190027e+02
5.200000e-07	-6.493002e-09	-2.820169e-09	-3.461185e+01	-7.177016e+02
5.300000e-07	-6.465661e-09	-2.801101e-09	-3.446610e+01	-7.163661e+02
5.400000e-07	-6.437968e-09	-2.798583e-09	-3.431848e+01	-7.150021e+02
5.500000e-07	-6.409944e-09	-2.801866e-09	-3.416910e+01	-7.136143e+02
5.600000e-07	-6.381506e-09	-2.791070e-09	-3.401750e+01	-7.122061e+02
5.700000e-07	-6.352597e-09	-2.784123e-09	-3.386340e+01	-7.107795e+02
5.800000e-07	-6.323250e-09	-2.782775e-09	-3.370696e+01	-7.093349e+02
5.900000e-07	-6.293512e-09	-2.775635e-09	-3.354844e+01	-7.078717e+02
6.000000e-07	-6.263373e-09	-2.769186e-09	-3.338778e+01	-7.063879e+02
6.100000e-07	-6.232784e-09	-2.763755e-09	-3.322472e+01	-7.048812e+02
6.200000e-07	-6.201743e-09	-2.755850e-09	-3.305925e+01	-7.033485e+02
6.300000e-07	-6.170338e-09	-2.751005e-09	-3.289184e+01	-7.017871e+02
6.400000e-07	-6.138652e-09	-2.746184e-09	-3.272293e+01	-7.001944e+02
6.500000e-07	-6.106653e-09	-2.738042e-09	-3.255236e+01	-6.985686e+02
6.600000e-07	-6.074205e-09	-2.732247e-09	-3.237939e+01	-6.969085e+02
6.700000e-07	-6.041146e-09	-2.726403e-09	-3.220317e+01	-6.952140e+02
6.800000e-07	-6.007361e-09	-2.718136e-09	-3.202307e+01	-6.934857e+02
6.900000e-07	-5.972876e-09	-2.713404e-09	-3.183925e+01	-6.917251e+02
7.000000e-07	-5.937839e-09	-2.708396e-09	-3.165247e+01	-6.899342e+02
7.100000e-07	-5.902413e-09	-2.698606e-09	-3.146363e+01	-6.881153e+02
7.200000e-07	-5.866710e-09	-2.691515e-09	-3.127331e+01	-6.862709e+02
7.300000e-07	-5.830738e-09	-2.687482e-09	-3.108155e+01	-6.844033e+02
7.400000e-07	-5.794422e-09	-2.679440e-09	-3.088797e+01	-6.825141e+02
7.500000e-07	-5.757698e-09	-2.670376e-09	-3.069221e+01	-6.806046e+02
7.600000e-07	-5.720550e-09	-2.663749e-09	-3.049418e+01	-6.786752e+02
7.700000e-07	-5.682972e-09	-2.656228e-09	-3.029387e+01	-6.767252e+02
7.800000e-07	-5.644948e-09	-2.647739e-09	-3.009117e+01	-6.747536e+02
7.900000e-07	-5.606481e-09	-2.640438e-09	-2.988612e+01	-6.727585e+02
8.000000e-07	-5.567598e-09	-2.632755e-09	-2.967885e+01	-6.707374e+02
8.100000e-07	-5.528343e-09	-2.624216e-09	-2.946960e+01	-6.686876e+02
8.200000e-07	-5.488783e-09	-2.616213e-09	-2.925872e+01	-6.666064e+02
8.300000e-07	-5.448961e-09	-2.609048e-09	-2.904644e+01	-6.644911e+02
8.400000e-07	-5.408846e-09	-2.601563e-09	-2.883260e+01	-6.623395e+02
8.500000e-07	-5.368358e-09	-2.592681e-09	-2.861677e+01	-6.601498e+02
8.600000e-07	-5.327406e-09	-2.583569e-09	-2.839847e+01	-6.579210e+02
8.700000e-07	-5.285898e-09	-2.575677e-09	-2.817721e+01	-6.556526e+02
8.800000e-07	-5.243782e-09	-2.567517e-09	-2.795271e+01	-6.533447e+02
8.900000e-07	-5.201107e-09	-2.558192e-09	-2.772522e+01	-6.509981e+02
9.000000e-07	-5.157998e-09	-2.548902e-09	-2.749542e+01	-6.486140e+02
9.100000e-07	-5.114558e-09	-2.539653e-09	-2.726386e+01	-6.461939e+02
9.200000e-07	-5.070827e-09	-2.529953e-09	-2.703075e+01	-6.437395e+02
9.300000e-07	-5.026804e-09	-2.520710e-09	-2.679607e+01	-6.412523e+02
9.400000e-07	-4.982461e-09	-2.511807e-09	-2.655970e+01	-6.387339e+02
9.500000e-07	-4.937769e-09	-2.501788e-09	-2.632146e+01	-6.361854e+02
9.600000e-07	-4.892716e-09	-2.491054e-09	-2.608130e+01	-6.336078e+02
9.700000e-07	-4.847317e-09	-2.481060e-09	-2.583929e+01	-6.310015e+02
9.800000e-07	-4.801583e-09	-2.471482e-09	-2.559550e+01	-6.283668e+02
9.900000e-07	-4.755516e-09	-2.461378e-09	-2.534994e+01	-6.257035e+02
1.000000e-06	-4.709114e-09	-2.451254e-09	-2.510258e+01	-6.230114e+02
1.010000e-06	-4.662382e-09	-2.441410e-09	-2.485347e+01	-6.202899e+02
1.020000e-06	-4.615341e-09	-2.431270e-09	-2.460271e+01	-6.175384e+02
1.030000e-06	-4.568017e-09	-2.420927e-09	-2.435044e+01	-6.147565e+02
1.040000e-06	-4.520434e-09	-2.410491e-09	-2.409680e+01	-6.119437e+02
1.050000e-06	-4.472604e-09	-2.399166e-09	-2.384183e+01	-6.090994e+02
1.060000e-06	-4.424493e-09	-2.387497e-09	-2.358537e+01	-6.062234e+02
1.070000e-06	-4.376032e-09	-2.376597e-09	-2.332704e+01	-6.033153e+02
1.080000e-06	-4.327138e-09	-2.365861e-09	-2.306641e+01	-6.003749e+02
1.090000e-06	-4.277747e-09	-2.354241e-09	-2.280312e+01	-5.974016e+02
1.100000e-06	-4.227842e-09	-2.342318e-09	-2.253710e+01	-5.943951e+02
1.110000e-06	-4.177454e-09	-2.330708e-09	-2.226850e+01	-5.913546e+02
1.120000e-06	-4.126636e-09	-2.319162e-09	-2.199761e+01	-5.882791e+02
1.130000e-06	-4.075460e-09	-2.307345e-09	-2.172481e+01	-5.851676e+02
1.140000e-06	-4.023988e-09	-2.295107e-09	-2.145043e+01	-5.820187e+02
1.150000e-06	-3.972252e-09	-2.282304e-09	-2.117464e+01	-5.788307e+02
1.160000e-06	-3.920261e-09	-2.269426e-09	-2.089750e+01	-5.756018e+02
1.170000e-06	-3.867999e-09	-2.257153e-09	-2.061891e+01	-5.723304e+02
1.180000e-06	-3.815437e-09	-2.245067e-09	-2.033872e+01	-5.690146e+02
1.190000e-06	-3.762563e-09	-2.232376e-09	-2.005686e+01	-5.656527e+02
1.200000e-06	-3.709381e-09	-2.219202e-09	-1.977337e+01	-5.622434e+02
1.210000e-06	-3.655918e-09	-2.205774e-09	-1.948838e+01	-5.587853e+02
1.220000e-06	-3.602200e-09	-2.191990e-09	-1.920203e+01	-5.552776e+02
1.230000e-06	-3.548245e-09	-2.177961e-09	-1.891441e+01	-5.517197e+02
1.240000e-06	-3.494050e-09	-2.163911e-09	-1.862551e+01	-5.481114e+02
1.250000e-06	-3.439605e-09	-2.149517e-09	-1.833529e+01	-5.444525e+02
1.260000e-06	-3.384915e-09	-2.134858e-09	-1.804376e+01	-5.407434e+02
1.270000e-06	-3.329982e-09	-2.120735e-09	-1.775093e+01	-5.369843e+02
1.280000e-06	-3.274821e-09	-2.106549e-09	-1.745689e+01	-5.331754e+02
1.290000e-06	-3.219463e-09	-2.091927e-09	-1.716179e+01	-5.293170e+02
1.300000e-06	-3.163941e-09	-2.076917e-09	-1.686582e+01	-5.254090e+02
1.310000e-06	-3.108279e-09	-2.060947e-09	-1.656911e+01	-5.214512e+02
1.320000e-06	-3.052488e-09	-2.044488e-09	-1.627170e+01	-5.174432e+02
1.330000e-06	-2.996556e-09	-2.028573e-09	-1.597355e+01	-5.133841e+02
1.340000e-06	-2.940457e-09	-2.013100e-09	-1.567450e+01	-5.092727e+02
1.350000e-06	-2.884155e-09	-1.997341e-09	-1.537438e+01	-5.051077e+02
1.360000e-06	-2.827619e-09	-1.981200e-09	-1.507300e+01	-5.008873e+02
1.370000e-06	-2.770823e-09	-1.964773e-09	-1.477025e+01	-4.966099e+02
1.380000e-06	-2.713755e-09	-1.947405e-09	-1.446604e+01	-4.922736e+02
1.390000e-06	-2.656399e-09	-1.929165e-09	-1.416030e+01	-4.878763e+02
1.400000e-06	-2.598745e-09	-1.910771e-09	-1.385297e+01	-4.834164e+02
1.410000e-06	-2.540795e-09	-1.892329e-09	-1.354406e+01	-4.788920e+02
1.420000e-06	-2.482558e-09	-1.874284e-09	-1.323362e+01	-4.743015e+02
1.430000e-06	-2.424046e-09	-1.856876e-09	-1.292172e+01	-4.696433e+02
1.440000e-06	-2.365280e-09	-1.838851e-09	-1.260846e+01	-4.649162e+02
1.450000e-06	-2.306287e-09	-1.819414e-09	-1.229399e+01	-4.601188e+02
1.460000e-06	-2.247094e-09	-1.799268e-09	-1.197845e+01	-4.552500e+02
1.470000e-06	-2.187729e-09	-1.778979e-09	-1.166200e+01	-4.503086e+02
1.480000e-06	-2.128224e-09	-1.758627e-09	-1.134480e+01	-4.452935e+02
1.490000e-06	-2.068605e-09	-1.738777e-09	-1.102699e+01	-4.402034e+02
1.500000e-06	-2.008895e-09	-1.718966e-09	-1.070869e+01	-4.350371e+02
1.510000e-06	-1.949107e-09	-1.698076e-09	-1.038998e+01	-4.297930e+02
1.520000e-06	-1.889247e-09	-1.676960e-09	-1.007089e+01	-4.244696e+02
1.530000e-06	-1.829314e-09	-1.656140e-09	-9.751410e+00	-4.190651e+02
1.540000e-06	-1.769306e-09	-1.634389e-09	-9.431528e+00	-4.135774e+02
1.550000e-06	-1.709216e-09	-1.611382e-09	-9.111207e+00	-4.080044e+02
1.560000e-06	-1.649036e-09	-1.588420e-09	-8.790409e+00	-4.023435e+02
1.570000e-06	-1.588763e-09	-1.566147e-09	-8.469112e+00	-3.965919e+02
1.580000e-06	-1.528385e-09	-1.543679e-09	-8.147262e+00	-3.907466e+02
1.590000e-06	-1.467894e-09	-1.520215e-09	-7.824803e+00	-3.848042e+02
1.600000e-06	-1.407286e-09	-1.496117e-09	-7.501727e+00	-3.787610e+02
1.610000e-06	-1.346562e-09	-1.471766e-09	-7.178031e+00	-3.726128e+02
1.620000e-06	-1.285725e-09	-1.447101e-09	-6.853728e+00	-3.663551e+02
1.630000e-06	-1.224780e-09	-1.422211e-09	-6.528854e+00	-3.599832e+02
1.640000e-06	-1.163741e-09	-1.396635e-09	-6.203476e+00	-3.534918e+02
1.650000e-06	-1.102625e-09	-1.370038e-09	-5.877688e+00	-3.468753e+02
1.660000e-06	-1.041445e-09	-1.343382e-09	-5.551562e+00	-3.401280e+02
1.670000e-06	-9.802056e-10	-1.317141e-09	-5.225115e+00	-3.332441e+02
1.680000e-06	-9.189045e-10	-1.290231e-09	-4.898341e+00	-3.262174e+02
1.690000e-06	-8.575460e-10	-1.261775e-09	-4.571260e+00	-3.190422e+02
1.700000e-06	-7.961296e-10	-1.232393e-09	-4.243871e+00	-3.117128e+02
1.710000e-06	-7.346517e-10	-1.202948e-09	-3.916155e+00	-3.042239e+02
1.720000e-06	-6.731107e-10	-1.173167e-09	-3.588101e+00	-2.965708e+02
1.730000e-06	-6.115076e-10	-1.142448e-09	-3.259717e+00	-2.887494e+02
1.740000e-06	-5.498490e-10	-1.110834e-09	-2.931037e+00	-2.807562e+02
1.750000e-06	-4.881425e-10	-1.078381e-09	-2.602102e+00	-2.725887e+02
1.760000e-06	-4.263932e-10	-1.045261e-09	-2.272938e+00	-2.642451e+02
1.770000e-06	-3.646083e-10	-1.012008e-09	-1.943585e+00	-2.557246e+02
1.780000e-06	-3.027961e-10	-9.782510e-10	-1.614086e+00	-2.470271e+02
1.790000e-06	-2.409712e-10	-9.430637e-10	-1.284520e+00	-2.381533e+02
1.800000e-06	-1.791486e-10	-9.067104e-10	-9.549654e-01	-2.291046e+02
1.810000e-06	-1.173307e-10	-8.702105e-10	-6.254362e-01	-2.198829e+02
1.820000e-06	-5.551796e-11	-8.333136e-10	-2.959348e-01	-2.104907e+02
1.830000e-06	6.290484e-12	-7.952369e-10	3.354393e-02	-2.009309e+02
1.840000e-06	6.809541e-11	-7.562921e-10	3.630039e-01	-1.912068e+02
1.850000e-06	1.299004e-10	-7.170123e-10	6.924645e-01	-1.813221e+02
1.860000e-06	1.917045e-10	-6.775601e-10	1.021920e+00	-1.712807e+02
1.870000e-06	2.535014e-10	-6.379717e-10	1.351337e+00	-1.610869e+02
1.880000e-06	3.152881e-10	-5.977835e-10	1.680700e+00	-1.507455e+02
1.890000e-06	3.770563e-10	-5.561913e-10	2.009964e+00	-1.402616e+02
1.900000e-06	4.388046e-10	-5.133802e-10	2.339122e+00	-1.296408e+02
1.910000e-06	5.005262e-10	-4.702266e-10	2.668138e+00	-1.188895e+02
1.920000e-06	5.622080e-10	-4.270938e-10	2.996942e+00	-1.080145e+02
1.930000e-06	6.238403e-10	-3.839330e-10	3.325482e+00	-9.702348e+01
1.940000e-06	6.854151e-10	-3.404385e-10	3.653715e+00	-8.592445e+01
1.950000e-06	7.469244e-10	-2.966338e-10	3.981599e+00	-7.472621e+01
1.960000e-06	8.083632e-10	-2.527572e-10	4.309107e+00	-6.343801e+01
1.970000e-06	8.697380e-10	-2.083439e-10	4.636274e+00	-5.206949e+01
1.980000e-06	9.310519e-10	-1.627279e-10	4.963117e+00	-4.063050e+01
1.990000e-06	9.923040e-10	-1.164282e-10	5.289629e+00	-2.913101e+01
2.000000e-06	1.053495e-09	-7.014076e-11	5.615815e+00	-1.758089e+01
2.010000e-06	1.114613e-09	-2.407038e-11	5.941614e+00	-5.989816e+00
2.020000e-06	1.175655e-09	2.128583e-11	6.267007e+00	5.632880e+00
2.030000e-06	1.236613e-09	6.611305e-11	6.591951e+00	1.727828e+01
2.040000e-06	1.297471e-09	1.113565e-10	6.916365e+00	2.893792e+01
2.050000e-06	1.358225e-09	1.573684e-10	7.240220e+00	4.060379e+01
2.060000e-06	1.418870e-09	2.034705e-10	7.563495e+00	5.226828e+01
2.070000e-06	1.479401e-09	2.493166e-10	7.886165e+00	6.392408e+01
2.080000e-06	1.539816e-09	2.953694e-10	8.208217e+00	7.556409e+01
2.090000e-06	1.600119e-09	3.415244e-10	8.529671e+00	8.718127e+01
2.100000e-06	1.660315e-09	3.870644e-10	8.850554e+00	9.876856e+01
2.110000e-06	1.720414e-09	4.319705e-10	9.170919e+00	1.103187e+02
2.120000e-06	1.780428e-09	4.768313e-10	9.490836e+00	1.218243e+02
2.130000e-06	1.840365e-09	5.216195e-10	9.810340e+00	1.332777e+02
2.140000e-06	1.900228e-09	5.663032e-10	1.012945e+01	1.446711e+02
2.150000e-06	1.960018e-09	6.111399e-10	1.044817e+01	1.559964e+02
2.160000e-06	2.019731e-09	6.554667e-10	1.076648e+01	1.672459e+02
2.170000e-06	2.079359e-09	6.987890e-10	1.108433e+01	1.784117e+02
2.180000e-06	2.138886e-09	7.418581e-10	1.140166e+01	1.894868e+02
2.190000e-06	2.198291e-09	7.850442e-10	1.171832e+01	2.004644e+02
2.200000e-06	2.257550e-09	8.278881e-10	1.203421e+01	2.113389e+02
2.210000e-06	2.316632e-09	8.700334e-10	1.234916e+01	2.221054e+02
2.220000e-06	2.375498e-09	9.115319e-10	1.266295e+01	2.327603e+02
2.230000e-06	2.434114e-09	9.527611e-10	1.297541e+01	2.433011e+02
2.240000e-06	2.492448e-09	9.939993e-10	1.328636e+01	2.537263e+02
2.250000e-06	2.550486e-09	1.035081e-09	1.359574e+01	2.640355e+02
2.260000e-06	2.608221e-09	1.075467e-09	1.390350e+01	2.742289e+02
2.270000e-06	2.665651e-09	1.114872e-09	1.420964e+01	2.843073e+02
2.280000e-06	2.722785e-09	1.153761e-09	1.451420e+01	2.942717e+02
2.290000e-06	2.779637e-09	1.192961e-09	1.481726e+01	3.041229e+02
2.300000e-06	2.836224e-09	1.232243e-09	1.511890e+01	3.138611e+02
2.310000e-06	2.892570e-09	1.270226e-09	1.541926e+01	3.234860e+02
2.320000e-06	2.948705e-09	1.306802e-09	1.571850e+01	3.329960e+02
2.330000e-06	3.004660e-09	1.343433e-09	1.601677e+01	3.423884e+02
2.340000e-06	3.060458e-09	1.380578e-09	1.631421e+01	3.516593e+02
2.350000e-06	3.116107e-09	1.417212e-09	1.661086e+01	3.608033e+02
2.360000e-06	3.171602e-09	1.452621e-09	1.690668e+01	3.698142e+02
2.370000e-06	3.226924e-09	1.487160e-09	1.720158e+01	3.786846e+02
2.380000e-06	3.282049e-09	1.521408e-09	1.749544e+01	3.874065e+02
2.390000e-06	3.336960e-09	1.555403e-09	1.778815e+01	3.959719e+02
2.400000e-06	3.391643e-09	1.588543e-09	1.807964e+01	4.043726e+02
2.410000e-06	3.446095e-09	1.620423e-09	1.836990e+01	4.126011e+02
2.420000e-06	3.500321e-09	1.651403e-09	1.865897e+01	4.206507e+02
2.430000e-06	3.554328e-09	1.682000e-09	1.894686e+01	4.285160e+02
2.440000e-06	3.608106e-09	1.712340e-09	1.923353e+01	4.361928e+02
2.450000e-06	3.661637e-09	1.742027e-09	1.951888e+01	4.436788e+02
2.460000e-06	3.714900e-09	1.770314e-09	1.980281e+01	4.509733e+02
2.470000e-06	3.767868e-09	1.797183e-09	2.008516e+01	4.580773e+02
2.480000e-06	3.820525e-09	1.823984e-09	2.036586e+01	4.649933e+02
2.490000e-06	3.872876e-09	1.851133e-09	2.064492e+01	4.717254e+02
2.500000e-06	3.924935e-09	1.877306e-09	2.092243e+01	4.782786e+02
2.510000e-06	3.976707e-09	1.902042e-09	2.119841e+01	4.846588e+02
2.520000e-06	4.028182e-09	1.925993e-09	2.147280e+01	4.908726e+02
2.530000e-06	4.079331e-09	1.949670e-09	2.174546e+01	4.969266e+02
2.540000e-06	4.130105e-09	1.973484e-09	2.201611e+01	5.028274e+02
2.550000e-06	4.180444e-09	1.996969e-09	2.228445e+01	5.085813e+02
2.560000e-06	4.230309e-09	2.019151e-09	2.255026e+01	5.141940e+02
2.570000e-06	4.279686e-09	2.040547e-09	2.281347e+01	5.196707e+02
2.580000e-06	4.328590e-09	2.062111e-09	2.307416e+01	5.250157e+02
2.590000e-06	4.377079e-09	2.083422e-09	2.333264e+01	5.302325e+02
2.600000e-06	4.425226e-09	2.103799e-09	2.358929e+01	5.353241e+02
2.610000e-06	4.473106e-09	2.123244e-09	2.384452e+01	5.402926e+02
2.620000e-06	4.520754e-09	2.142181e-09	2.409852e+01	5.451398e+02
2.630000e-06	4.568157e-09	2.160963e-09	2.435121e+01	5.498670e+02
2.640000e-06	4.615270e-09	2.179503e-09	2.460235e+01	5.544755e+02
2.650000e-06	4.662052e-09	2.197382e-09	2.485173e+01	5.589662e+02
2.660000e-06	4.708481e-09	2.214084e-09	2.509922e+01	5.633406e+02
2.670000e-06	4.754564e-09	2.230041e-09	2.534488e+01	5.676000e+02
2.680000e-06	4.800323e-09	2.246240e-09	2.558880e+01	5.717463e+02
2.690000e-06	4.845768e-09	2.262340e-09	2.583105e+01	5.757817e+02
2.700000e-06	4.890885e-09	2.277646e-09	2.607155e+01	5.797088e+02
2.710000e-06	4.935657e-09	2.292387e-09	2.631022e+01	5.835310e+02
2.720000e-06	4.980091e-09	2.306828e-09	2.654708e+01	5.872516e+02
2.730000e-06	5.024225e-09	2.321219e-09	2.678234e+01	5.908748e+02
2.740000e-06	5.068115e-09	2.335563e-09	2.701630e+01	5.944049e+02
2.750000e-06	5.111787e-09	2.349218e-09	2.724910e+01	5.978463e+02
2.760000e-06	5.155207e-09	2.362040e-09	2.748056e+01	6.012038e+02
2.770000e-06	5.198284e-09	2.374609e-09	2.771019e+01	6.044821e+02
2.780000e-06	5.240883e-09	2.387216e-09	2.793727e+01	6.076858e+02
2.790000e-06	5.282888e-09	2.399703e-09	2.816118e+01	6.108196e+02
2.800000e-06	5.324267e-09	2.411765e-09	2.838176e+01	6.138877e+02
2.810000e-06	5.365066e-09	2.423328e-09	2.859924e+01	6.168939e+02
2.820000e-06	5.405398e-09	2.434912e-09	2.881423e+01	6.198419e+02
2.830000e-06	5.445393e-09	2.446717e-09	2.902743e+01	6.227349e+02
2.840000e-06	5.485132e-09	2.458237e-09	2.923927e+01	6.255756e+02
2.850000e-06	5.524620e-09	2.469322e-09	2.944977e+01	6.283663e+02
2.860000e-06	5.563795e-09	2.480091e-09	2.965860e+01	6.311089e+02
2.870000e-06	5.602583e-09	2.490573e-09	2.986536e+01	6.338051e+02
2.880000e-06	5.640941e-09	2.500907e-09	3.006983e+01	6.364562e+02
2.890000e-06	5.678866e-09	2.511190e-09	3.027200e+01	6.390634e+02
2.900000e-06	5.716367e-09	2.521521e-09	3.047190e+01	6.416276e+02
2.910000e-06	5.753444e-09	2.531762e-09	3.066954e+01	6.441499e+02
2.920000e-06	5.790104e-09	2.541469e-09	3.086497e+01	6.466312e+02
2.930000e-06	5.826390e-09	2.550662e-09	3.105839e+01	6.490726e+02
2.940000e-06	5.862374e-09	2.560026e-09	3.125021e+01	6.514753e+02
2.950000e-06	5.898111e-09	2.569884e-09	3.144072e+01	6.538404e+02
2.960000e-06	5.933584e-09	2.579758e-09	3.162981e+01	6.561692e+02
2.970000e-06	5.968684e-09	2.589093e-09	3.181691e+01	6.584632e+02
2.980000e-06	6.003255e-09	2.597859e-09	3.200120e+01	6.607235e+02
2.990000e-06	6.037163e-09	2.606483e-09	3.218195e+01	6.629513e+02
3.000000e-06	6.070359e-09	2.615140e-09	3.235890e+01	6.651478e+02
3.010000e-06	6.102929e-09	2.623677e-09	3.253252e+01	6.673137e+02
3.020000e-06	6.135033e-09	2.632278e-09	3.270366e+01	6.694495e+02
3.030000e-06	6.166809e-09	2.640892e-09	3.287305e+01	6.715554e+02
3.040000e-06	6.198291e-09	2.649259e-09	3.304086e+01	6.736315e+02
3.050000e-06	6.229410e-09	2.657649e-09	3.320675e+01	6.756772e+02
3.060000e-06	6.260087e-09	2.666019e-09	3.337027e+01	6.776919e+02
3.070000e-06	6.290305e-09	2.674078e-09	3.353135e+01	6.796750e+02
3.080000e-06	6.320080e-09	2.682011e-09	3.369008e+01	6.816256e+02
3.090000e-06	6.349419e-09	2.689877e-09	3.384647e+01	6.835430e+02
3.100000e-06	6.378314e-09	2.697452e-09	3.400050e+01	6.854266e+02
3.110000e-06	6.406788e-09	2.704648e-09	3.415229e+01	6.872761e+02
3.120000e-06	6.434905e-09	2.711663e-09	3.430217e+01	6.890915e+02
3.130000e-06	6.462728e-09	2.718775e-09	3.445048e+01	6.908733e+02
3.140000e-06	6.490254e-09	2.725928e-09	3.459721e+01	6.926222e+02
3.150000e-06	6.517361e-09	2.732894e-09	3.474171e+01	6.943393e+02
3.160000e-06	6.543853e-09	2.739550e-09	3.488293e+01	6.960259e+02
3.170000e-06	6.569586e-09	2.745805e-09	3.502010e+01	6.976834e+02
3.180000e-06	6.594557e-09	2.752169e-09	3.515321e+01	6.993134e+02
3.190000e-06	6.618911e-09	2.759406e-09	3.528303e+01	7.009170e+02
3.200000e-06	6.642819e-09	2.766908e-09	3.541048e+01	7.024953e+02
3.210000e-06	6.666356e-09	2.773631e-09	3.553595e+01	7.040486e+02
3.220000e-06	6.689478e-09	2.779287e-09	3.565920e+01	7.055769e+02
3.230000e-06	6.712126e-09	2.784346e-09	3.577993e+01	7.070797e+02
3.240000e-06	6.734301e-09	2.789609e-09	3.589814e+01	7.085558e+02
3.250000e-06	6.756029e-09	2.795186e-09	3.601396e+01	7.100034e+02
3.260000e-06	6.777296e-09	2.801113e-09	3.612733e+01	7.114207e+02
3.270000e-06	6.798072e-09	2.807716e-09	3.623808e+01	7.128052e+02
3.280000e-06	6.818387e-09	2.814436e-09	3.634637e+01	7.141548e+02
3.290000e-06	6.838339e-09	2.819982e-09	3.645273e+01	7.154672e+02
3.300000e-06	6.857991e-09	2.824169e-09	3.655748e+01	7.167409e+02
3.310000e-06	6.877282e-09	2.828061e-09	3.666032e+01	7.179745e+02
3.320000e-06	6.896088e-09	2.832224e-09	3.676057e+01	7.191676e+02
3.330000e-06	6.914318e-09	2.836755e-09	3.685774e+01	7.203204e+02
3.340000e-06	6.931984e-09	2.841838e-09	3.695191e+01	7.214338e+02
3.350000e-06	6.949180e-09	2.847128e-09	3.704358e+01	7.225093e+02
3.360000e-06	6.965984e-09	2.851867e-09	3.713316e+01	7.235490e+02
3.370000e-06	6.982369e-09	2.855794e-09	3.722050e+01	7.245554e+02
3.380000e-06	6.998211e-09	2.859390e-09	3.730495e+01	7.255309e+02
3.390000e-06	7.013396e-09	2.862779e-09	3.738589e+01	7.264780e+02
3.400000e-06	7.027922e-09	2.866025e-09	3.746332e+01	7.273985e+02
3.410000e-06	7.041877e-09	2.869342e-09	3.753771e+01	7.282940e+02
3.420000e-06	7.055312e-09	2.872880e-09	3.760933e+01	7.291651e+02
3.430000e-06	7.068212e-09	2.876648e-09	3.767810e+01	7.300118e+02
3.440000e-06	7.080586e-09	2.880077e-09	3.774406e+01	7.308332e+02
3.450000e-06	7.092483e-09	2.883015e-09	3.780748e+01	7.316279e+02
3.460000e-06	7.103893e-09	2.885612e-09	3.786830e+01	7.323937e+02
3.470000e-06	7.114691e-09	2.887922e-09	3.792586e+01	7.331282e+02
3.480000e-06	7.124728e-09	2.890213e-09	3.797936e+01	7.338290e+02
3.490000e-06	7.133960e-09	2.892719e-09	3.802857e+01	7.344939e+02
3.500000e-06	7.142498e-09	2.895097e-09	3.807408e+01	7.351211e+02
3.510000e-06	7.150546e-09	2.896763e-09	3.811699e+01	7.357093e+02
3.520000e-06	7.158239e-09	2.898128e-09	3.815799e+01	7.362585e+02
3.530000e-06	7.165550e-09	2.899985e-09	3.819697e+01	7.367691e+02
3.540000e-06	7.172381e-09	2.901979e-09	3.823338e+01	7.372426e+02
3.550000e-06	7.178679e-09	2.903517e-09	3.826696e+01	7.376814e+02
3.560000e-06	7.184457e-09	2.904823e-09	3.829775e+01	7.380882e+02
3.570000e-06	7.189711e-09	2.906257e-09	3.832576e+01	7.384663e+02
3.580000e-06	7.194433e-09	2.907497e-09	3.835093e+01	7.388190e+02
3.590000e-06	7.198689e-09	2.908141e-09	3.837362e+01	7.391493e+02
3.600000e-06	7.202588e-09	2.908353e-09	3.839440e+01	7.394596e+02
3.610000e-06	7.206161e-09	2.908366e-09	3.841345e+01	7.397517e+02
3.620000e-06	7.209298e-09	2.908441e-09	3.843017e+01	7.400265e+02
3.630000e-06	7.211809e-09	2.909050e-09	3.844355e+01	7.402838e+02
3.640000e-06	7.213553e-09	2.910017e-09	3.845285e+01	7.405224e+02
3.650000e-06	7.214527e-09	2.910392e-09	3.845804e+01	7.407405e+02
3.660000e-06	7.214881e-09	2.910287e-09	3.845993e+01	7.409355e+02
3.670000e-06	7.214801e-09	2.910253e-09	3.845950e+01	7.411044e+02
3.680000e-06	7.214356e-09	2.910054e-09	3.845713e+01	7.412444e+02
3.690000e-06	7.213486e-09	2.909810e-09	3.845250e+01	7.413529e+02
3.700000e-06	7.212111e-09	2.909634e-09	3.844516e+01	7.414280e+02
3.710000e-06	7.210246e-09	2.909438e-09	3.843523e+01	7.414685e+02
3.720000e-06	7.207943e-09	2.909479e-09	3.842295e+01	7.414744e+02
3.730000e-06	7.205184e-09	2.909049e-09	3.840824e+01	7.414467e+02
3.740000e-06	7.201938e-09	2.904612e-09	3.839094e+01	7.413878e+02
3.750000e-06	7.198211e-09	2.901784e-09	3.837107e+01	7.413005e+02
3.760000e-06	7.193916e-09	2.922117e-09	3.834817e+01	7.411887e+02
3.770000e-06	7.188776e-09	2.944397e-09	3.832077e+01	7.410566e+02
3.780000e-06	7.182719e-09	2.907551e-09	3.828849e+01	7.409083e+02
3.790000e-06	7.176215e-09	2.861316e-09	3.825381e+01	7.407476e+02
3.800000e-06	7.169629e-09	2.895773e-09	3.821871e+01	7.405778e+02
3.810000e-06	7.162690e-09	2.946831e-09	3.818172e+01	7.404012e+02
3.820000e-06	7.155066e-09	2.912091e-09	3.814108e+01	7.402190e+02
3.830000e-06	7.146902e-09	2.857531e-09	3.809756e+01	7.400313e+02
3.840000e-06	7.138451e-09	2.897657e-09	3.805251e+01	7.398369e+02
3.850000e-06	7.129579e-09	2.955721e-09	3.800521e+01	7.396339e+02
3.860000e-06	7.120030e-09	2.911715e-09	3.795432e+01	7.394197e+02
3.870000e-06	7.109922e-09	2.852433e-09	3.790043e+01	7.391911e+02
3.880000e-06	7.099492e-09	2.897207e-09	3.784483e+01	7.389451e+02
3.890000e-06	7.088628e-09	2.947606e-09	3.778692e+01	7.386791e+02
3.900000e-06	7.077103e-09	2.897624e-09	3.772548e+01	7.383909e+02
3.910000e-06	7.064983e-09	2.861831e-09	3.766088e+01	7.380795e+02
3.920000e-06	7.052322e-09	2.918269e-09	3.759339e+01	7.377449e+02
3.930000e-06	7.038875e-09	2.933715e-09	3.752170e+01	7.373880e+02
3.940000e-06	7.024501e-09	2.868014e-09	3.744508e+01	7.370110e+02
3.950000e-06	7.009441e-09	2.871093e-09	3.736480e+01	7.366165e+02
3.960000e-06	6.993919e-09	2.938639e-09	3.728206e+01	7.362077e+02
3.970000e-06	6.977942e-09	2.916609e-09	3.719689e+01	7.357880e+02
3.980000e-06	6.961552e-09	2.856405e-09	3.710952e+01	7.353602e+02
3.990000e-06	6.944799e-09	2.891650e-09	3.702022e+01	7.349263e+02
4.000000e-06	6.927566e-09	2.925681e-09	3.692835e+01	7.344872e+02
4.010000e-06	6.909769e-09	2.872077e-09	3.683348e+01	7.340423e+02
4.020000e-06	6.891501e-09	2.864186e-09	3.673611e+01	7.335892e+02
4.030000e-06	6.872798e-09	2.926696e-09	3.663640e+01	7.331240e+02
4.040000e-06	6.853581e-09	2.909265e-09	3.653397e+01	7.326413e+02
4.050000e-06	6.833876e-09	2.849955e-09	3.642893e+01	7.321342e+02
4.060000e-06	6.813802e-09	2.881601e-09	3.632192e+01	7.315950e+02
4.070000e-06	6.793371e-09	2.911227e-09	3.621301e+01	7.310157e+02
4.080000e-06	6.772473e-09	2.859705e-09	3.610160e+01	7.303880e+02
4.090000e-06	6.750989e-09	2.856997e-09	3.598708e+01	7.297047e+02
4.100000e-06	6.728800e-09	2.907683e-09	3.586880e+01	7.289593e+02
4.110000e-06	6.705855e-09	2.881101e-09	3.574649e+01	7.281473e+02
4.120000e-06	6.682289e-09	2.843370e-09	3.562087e+01	7.272656e+02
4.130000e-06	6.658299e-09	2.880138e-09	3.549299e+01	7.263135e+02
4.140000e-06	6.633980e-09	2.883134e-09	3.536335e+01	7.252921e+02
4.150000e-06	6.609309e-09	2.837516e-09	3.523184e+01	7.242045e+02
4.160000e-06	6.584199e-09	2.847102e-09	3.509798e+01	7.230554e+02
4.170000e-06	6.558593e-09	2.868317e-09	3.496149e+01	7.218508e+02
4.180000e-06	6.532503e-09	2.842202e-09	3.482241e+01	7.205972e+02
4.190000e-06	6.505923e-09	2.832426e-09	3.468072e+01	7.193017e+02
4.200000e-06	6.478830e-09	2.842889e-09	3.453630e+01	7.179709e+02
4.210000e-06	6.451265e-09	2.827582e-09	3.438936e+01	7.166109e+02
4.220000e-06	6.423320e-09	2.815669e-09	3.424040e+01	7.152264e+02
4.230000e-06	6.395083e-09	2.819974e-09	3.408987e+01	7.138212e+02
4.240000e-06	6.366546e-09	2.813574e-09	3.393775e+01	7.123974e+02
4.250000e-06	6.337569e-09	2.805319e-09	3.378328e+01	7.109556e+02
4.260000e-06	6.307961e-09	2.800369e-09	3.362546e+01	7.094953e+02
4.270000e-06	6.277627e-09	2.790860e-09	3.346376e+01	7.080148e+02
4.280000e-06	6.246608e-09	2.787209e-09	3.329841e+01	7.065116e+02
4.290000e-06	6.215034e-09	2.781713e-09	3.313010e+01	7.049830e+02
4.300000e-06	6.183053e-09	2.768492e-09	3.295962e+01	7.034260e+02
4.310000e-06	6.150729e-09	2.766531e-09	3.278731e+01	7.018380e+02
4.320000e-06	6.118032e-09	2.765861e-09	3.261301e+01	7.002171e+02
4.330000e-06	6.084905e-09	2.752443e-09	3.243643e+01	6.985620e+02
4.340000e-06	6.051335e-09	2.746308e-09	3.225747e+01	6.968725e+02
4.350000e-06	6.017347e-09	2.743265e-09	3.207630e+01	6.951491e+02
4.360000e-06	5.982957e-09	2.727948e-09	3.189298e+01	6.933931e+02
4.370000e-06	5.948142e-09	2.719879e-09	3.170739e+01	6.916065e+02
4.380000e-06	5.912888e-09	2.720566e-09	3.151946e+01	6.897916e+02
4.390000e-06	5.877248e-09	2.710195e-09	3.132948e+01	6.879509e+02
4.400000e-06	5.841311e-09	2.699814e-09	3.113791e+01	6.860866e+02
4.410000e-06	5.805127e-09	2.697826e-09	3.094503e+01	6.842007e+02
4.420000e-06	5.768665e-09	2.689454e-09	3.075066e+01	6.822942e+02
4.430000e-06	5.731797e-09	2.677287e-09	3.055413e+01	6.803678e+02
4.440000e-06	5.694364e-09	2.670392e-09	3.035459e+01	6.784210e+02
4.450000e-06	5.656261e-09	2.663120e-09	3.015148e+01	6.764528e+02
4.460000e-06	5.617479e-09	2.654231e-09	2.994475e+01	6.744613e+02
4.470000e-06	5.578120e-09	2.646994e-09	2.973494e+01	6.724442e+02
4.480000e-06	5.538334e-09	2.639494e-09	2.952285e+01	6.703988e+02
4.490000e-06	5.498232e-09	2.630867e-09	2.930908e+01	6.683223e+02
4.500000e-06	5.457847e-09	2.621181e-09	2.909380e+01	6.662121e+02
4.510000e-06	5.417135e-09	2.611424e-09	2.887678e+01	6.640659e+02
4.520000e-06	5.376035e-09	2.603793e-09	2.865769e+01	6.618818e+02
4.530000e-06	5.334541e-09	2.596041e-09	2.843650e+01	6.596587e+02
4.540000e-06	5.292702e-09	2.586223e-09	2.821347e+01	6.573960e+02
4.550000e-06	5.250552e-09	2.577486e-09	2.798878e+01	6.550938e+02
4.560000e-06	5.208063e-09	2.569150e-09	2.776229e+01	6.527527e+02
4.570000e-06	5.165188e-09	2.558433e-09	2.753374e+01	6.503740e+02
4.580000e-06	5.121928e-09	2.547709e-09	2.730314e+01	6.479591e+02
4.590000e-06	5.078324e-09	2.538711e-09	2.707070e+01	6.455096e+02
4.600000e-06	5.034424e-09	2.529468e-09	2.683668e+01	6.430271e+02
4.610000e-06	4.990265e-09	2.519758e-09	2.660129e+01	6.405132e+02
4.620000e-06	4.945856e-09	2.510463e-09	2.636456e+01	6.379691e+02
4.630000e-06	4.901157e-09	2.500393e-09	2.612628e+01	6.353957e+02
4.640000e-06	4.856113e-09	2.488790e-09	2.588617e+01	6.327937e+02
4.650000e-06	4.810689e-09	2.476823e-09	2.564403e+01	6.301632e+02
4.660000e-06	4.764877e-09	2.465402e-09	2.539982e+01	6.275041e+02
4.670000e-06	4.718703e-09	2.454452e-09	2.515369e+01	6.248163e+02
4.680000e-06	4.672221e-09	2.444133e-09	2.490591e+01	6.220991e+02
4.690000e-06	4.625468e-09	2.434543e-09	2.465668e+01	6.193521e+02
4.700000e-06	4.578458e-09	2.424791e-09	2.440609e+01	6.165747e+02
4.710000e-06	4.531163e-09	2.414100e-09	2.415398e+01	6.137664e+02
4.720000e-06	4.483535e-09	2.402283e-09	2.390009e+01	6.109268e+02
4.730000e-06	4.435518e-09	2.389552e-09	2.364413e+01	6.080555e+02
4.740000e-06	4.387071e-09	2.376911e-09	2.338587e+01	6.051521e+02
4.750000e-06	4.338189e-09	2.365000e-09	2.312530e+01	6.022164e+02
4.760000e-06	4.288903e-09	2.353517e-09	2.286258e+01	5.992479e+02
4.770000e-06	4.239242e-09	2.342190e-09	2.259785e+01	5.962463e+02
4.780000e-06	4.189243e-09	2.330931e-09	2.233133e+01	5.932108e+02
4.790000e-06	4.138933e-09	2.319200e-09	2.206314e+01	5.901405e+02
4.800000e-06	4.088316e-09	2.306480e-09	2.179332e+01	5.870343e+02
4.810000e-06	4.037390e-09	2.292974e-09	2.152185e+01	5.838908e+02
4.820000e-06	3.986159e-09	2.279575e-09	2.124876e+01	5.807086e+02
4.830000e-06	3.934634e-09	2.266617e-09	2.097410e+01	5.774857e+02
4.840000e-06	3.882833e-09	2.253780e-09	2.069797e+01	5.742205e+02
4.850000e-06	3.830763e-09	2.240862e-09	2.042040e+01	5.709112e+02
4.860000e-06	3.778416e-09	2.227575e-09	2.014136e+01	5.675560e+02
4.870000e-06	3.725769e-09	2.213687e-09	1.986071e+01	5.641536e+02
4.880000e-06	3.672784e-09	2.199577e-09	1.957827e+01	5.607025e+02
4.890000e-06	3.619430e-09	2.185507e-09	1.929386e+01	5.572019e+02
4.900000e-06	3.565679e-09	2.171238e-09	1.900733e+01	5.536513e+02
4.910000e-06	3.511518e-09	2.156549e-09	1.871862e+01	5.500501e+02
4.920000e-06	3.456950e-09	2.141758e-09	1.842774e+01	5.463985e+02
4.930000e-06	3.402009e-09	2.127154e-09	1.813487e+01	5.426966e+02
4.940000e-06	3.346741e-09	2.112311e-09	1.784026e+01	5.389446e+02
4.950000e-06	3.291191e-09	2.096710e-09	1.754414e+01	5.351428e+02
4.960000e-06	3.235417e-09	2.080720e-09	1.724683e+01	5.312915e+02
4.970000e-06	3.179463e-09	2.065293e-09	1.694856e+01	5.273906e+02
4.980000e-06	3.123350e-09	2.050077e-09	1.664944e+01	5.234400e+02
4.990000e-06	3.067085e-09	2.034176e-09	1.634951e+01	5.194392e+02
5.000000e-06	3.010657e-09	2.017793e-09	1.604871e+01	5.153875e+02
5.010000e-06	2.954050e-09	2.000780e-09	1.574696e+01	5.112837e+02
5.020000e-06	2.897252e-09	1.983274e-09	1.544419e+01	5.071264e+02
5.030000e-06	2.840257e-09	1.966351e-09	1.514037e+01	5.029141e+02
5.040000e-06	2.783066e-09	1.949980e-09	1.483550e+01	4.986449e+02
5.050000e-06	2.725679e-09	1.933201e-09	1.452959e+01	4.943171e+02
5.060000e-06	2.668097e-09	1.916073e-09	1.422265e+01	4.899286e+02
5.070000e-06	2.610329e-09	1.899023e-09	1.391470e+01	4.854777e+02
5.080000e-06	2.552378e-09	1.881173e-09	1.360579e+01	4.809626e+02
5.090000e-06	2.494250e-09	1.862233e-09	1.329593e+01	4.763815e+02
5.100000e-06	2.435946e-09	1.843120e-09	1.298513e+01	4.717331e+02
5.110000e-06	2.377463e-09	1.824364e-09	1.267338e+01	4.670158e+02
5.120000e-06	2.318797e-09	1.806242e-09	1.236065e+01	4.622285e+02
5.130000e-06	2.259944e-09	1.788844e-09	1.204693e+01	4.573699e+02
5.140000e-06	2.200906e-09	1.771200e-09	1.173222e+01	4.524389e+02
5.150000e-06	2.141688e-09	1.752026e-09	1.141655e+01	4.474343e+02
5.160000e-06	2.082304e-09	1.731293e-09	1.109999e+01	4.423549e+02
5.170000e-06	2.022773e-09	1.710027e-09	1.078266e+01	4.371994e+02
5.180000e-06	1.963123e-09	1.689083e-09	1.046468e+01	4.319665e+02
5.190000e-06	1.903371e-09	1.668534e-09	1.014616e+01	4.266544e+02
5.200000e-06	1.843527e-09	1.648049e-09	9.827154e+00	4.212615e+02
5.210000e-06	1.783598e-09	1.627614e-09	9.507693e+00	4.157857e+02
5.220000e-06	1.723590e-09	1.607248e-09	9.187813e+00	4.102249e+02
5.230000e-06	1.663508e-09	1.586105e-09	8.867537e+00	4.045765e+02
5.240000e-06	1.603357e-09	1.563376e-09	8.546888e+00	3.988379e+02
5.250000e-06	1.543139e-09	1.539413e-09	8.225885e+00	3.930059e+02
5.260000e-06	1.482854e-09	1.515199e-09	7.904529e+00	3.870774e+02
5.270000e-06	1.422501e-09	1.491535e-09	7.582806e+00	3.810485e+02
5.280000e-06	1.362070e-09	1.468442e-09	7.260669e+00	3.749153e+02
5.290000e-06	1.301561e-09	1.445282e-09	6.938120e+00	3.686732e+02
5.300000e-06	1.240972e-09	1.421297e-09	6.615142e+00	3.623176e+02
5.310000e-06	1.180304e-09	1.396267e-09	6.291742e+00	3.558432e+02
5.320000e-06	1.119565e-09	1.370362e-09	5.967960e+00	3.492446e+02
5.330000e-06	1.058755e-09	1.343369e-09	5.643805e+00	3.425159e+02
5.340000e-06	9.978858e-10	1.315567e-09	5.319334e+00	3.356515e+02
5.350000e-06	9.369563e-10	1.287745e-09	4.994541e+00	3.286451e+02
5.360000e-06	8.759561e-10	1.259824e-09	4.669372e+00	3.214911e+02
5.370000e-06	8.148823e-10	1.231450e-09	4.343810e+00	3.141836e+02
5.380000e-06	7.537311e-10	1.202940e-09	4.017836e+00	3.067174e+02
5.390000e-06	6.924980e-10	1.173883e-09	3.691425e+00	2.990876e+02
5.400000e-06	6.311863e-10	1.143255e-09	3.364596e+00	2.912900e+02
5.410000e-06	5.697967e-10	1.111431e-09	3.037351e+00	2.833210e+02
5.420000e-06	5.083365e-10	1.079047e-09	2.709731e+00	2.751781e+02
5.430000e-06	4.468142e-10	1.045908e-09	2.381779e+00	2.668594e+02
5.440000e-06	3.852382e-10	1.012035e-09	2.053541e+00	2.583638e+02
5.450000e-06	3.236214e-10	9.779131e-10	1.725086e+00	2.496911e+02
5.460000e-06	2.619792e-10	9.435462e-10	1.396495e+00	2.408420e+02
5.470000e-06	2.003345e-10	9.086591e-10	1.067891e+00	2.318177e+02
5.480000e-06	1.386941e-10	8.731361e-10	7.393104e-01	2.226202e+02
5.490000e-06	7.705434e-11	8.367284e-10	4.107332e-01	2.132517e+02
5.500000e-06	1.541269e-11	7.993778e-10	8.214559e-02	2.037153e+02
5.510000e-06	-4.623438e-11	7.611548e-10	-2.464709e-01	1.940140e+02
5.520000e-06	-1.078833e-10	7.223112e-10	-5.750970e-01	1.841516e+02
5.530000e-06	-1.695308e-10	6.831975e-10	-9.037159e-01	1.741319e+02
5.540000e-06	-2.311688e-10	6.438790e-10	-1.232284e+00	1.639592e+02
5.550000e-06	-2.927866e-10	6.038771e-10	-1.560745e+00	1.536382e+02
5.560000e-06	-3.543756e-10	5.628127e-10	-1.889052e+00	1.431739e+02
5.570000e-06	-4.159245e-10	5.210728e-10	-2.217145e+00	1.325720e+02
5.580000e-06	-4.774255e-10	4.788129e-10	-2.544983e+00	1.218387e+02
5.590000e-06	-5.388630e-10	4.357397e-10	-2.872482e+00	1.109808e+02
5.600000e-06	-6.002244e-10	3.920642e-10	-3.199576e+00	1.000056e+02
5.610000e-06	-6.615033e-10	3.483317e-10	-3.526231e+00	8.892139e+01
5.620000e-06	-7.226937e-10	3.044392e-10	-3.852413e+00	7.773673e+01
5.630000e-06	-7.837992e-10	2.601802e-10	-4.178143e+00	6.646082e+01
5.640000e-06	-8.448274e-10	2.158740e-10	-4.503462e+00	5.510325e+01
5.650000e-06	-9.057810e-10	1.711114e-10	-4.828383e+00	4.367387e+01
5.660000e-06	-9.666615e-10	1.254255e-10	-5.152914e+00	3.218262e+01
5.670000e-06	-1.027470e-09	7.945386e-11	-5.477062e+00	2.063941e+01
5.680000e-06	-1.088208e-09	3.381659e-11	-5.800835e+00	9.053932e+00
5.690000e-06	-1.148874e-09	-1.154390e-11	-6.124223e+00	-2.564423e+00
5.700000e-06	-1.209466e-09	-5.709605e-11	-6.447220e+00	-1.420668e+01
5.710000e-06	-1.269986e-09	-1.029887e-10	-6.769830e+00	-2.586431e+01
5.720000e-06	-1.330433e-09	-1.491153e-10	-7.092053e+00	-3.752925e+01
5.730000e-06	-1.390809e-09	-1.953357e-10	-7.413894e+00	-4.919382e+01
5.740000e-06	-1.451109e-09	-2.413289e-10	-7.735336e+00	-6.085070e+01
5.750000e-06	-1.511337e-09	-2.871172e-10	-8.056389e+00	-7.249274e+01
5.760000e-06	-1.571494e-09	-3.329573e-10	-8.377065e+00	-8.411293e+01
5.770000e-06	-1.631580e-09	-3.786897e-10	-8.697363e+00	-9.570420e+01
5.780000e-06	-1.691593e-09	-4.240186e-10	-9.017273e+00	-1.072593e+02
5.790000e-06	-1.751531e-09	-4.691833e-10	-9.336781e+00	-1.187710e+02
5.800000e-06	-1.811387e-09	-5.144586e-10	-9.655857e+00	-1.302315e+02
5.810000e-06	-1.871153e-09	-5.597598e-10	-9.974448e+00	-1.416330e+02
5.820000e-06	-1.930807e-09	-6.049570e-10	-1.029244e+01	-1.529676e+02
5.830000e-06	-1.990330e-09	-6.495053e-10	-1.060974e+01	-1.642274e+02
5.840000e-06	-2.049710e-09	-6.928820e-10	-1.092627e+01	-1.754047e+02
5.850000e-06	-2.108934e-09	-7.356296e-10	-1.124197e+01	-1.864922e+02
5.860000e-06	-2.167990e-09	-7.785883e-10	-1.155678e+01	-1.974831e+02
5.870000e-06	-2.226870e-09	-8.217384e-10	-1.187065e+01	-2.083716e+02
5.880000e-06	-2.285574e-09	-8.645876e-10	-1.218358e+01	-2.191528e+02
5.890000e-06	-2.344105e-09	-9.066933e-10	-1.249558e+01	-2.298229e+02
5.900000e-06	-2.402460e-09	-9.478498e-10	-1.280665e+01	-2.403791e+02
5.910000e-06	-2.460635e-09	-9.883529e-10	-1.311676e+01	-2.508199e+02
5.920000e-06	-2.518626e-09	-1.028632e-09	-1.342589e+01	-2.611447e+02
5.930000e-06	-2.576432e-09	-1.068567e-09	-1.373403e+01	-2.713536e+02
5.940000e-06	-2.634048e-09	-1.107838e-09	-1.404117e+01	-2.814475e+02
5.950000e-06	-2.691468e-09	-1.146799e-09	-1.434725e+01	-2.914272e+02
5.960000e-06	-2.748680e-09	-1.185692e-09	-1.465223e+01	-3.012935e+02
5.970000e-06	-2.805682e-09	-1.223968e-09	-1.495608e+01	-3.110469e+02
5.980000e-06	-2.862477e-09	-1.261326e-09	-1.525884e+01	-3.206871e+02
5.990000e-06	-2.919083e-09	-1.297835e-09	-1.556058e+01	-3.302126e+02
6.000000e-06	-2.975522e-09	-1.333682e-09	-1.586144e+01	-3.396210e+02
6.010000e-06	-3.031815e-09	-1.369498e-09	-1.616152e+01	-3.489084e+02
6.020000e-06	-3.087969e-09	-1.405398e-09	-1.646086e+01	-3.580698e+02
6.030000e-06	-3.143976e-09	-1.440897e-09	-1.675941e+01	-3.670990e+02
6.040000e-06	-3.199814e-09	-1.475976e-09	-1.705706e+01	-3.759888e+02
6.050000e-06	-3.255443e-09	-1.510547e-09	-1.735361e+01	-3.847313e+02
6.060000e-06	-3.310814e-09	-1.544361e-09	-1.764877e+01	-3.933183e+02
6.070000e-06	-3.365872e-09	-1.577456e-09	-1.794226e+01	-4.017418e+02
6.080000e-06	-3.420573e-09	-1.609859e-09	-1.823385e+01	-4.099942e+02
6.090000e-06	-3.474883e-09	-1.641683e-09	-1.852335e+01	-4.180685e+02
6.100000e-06	-3.528781e-09	-1.673025e-09	-1.881066e+01	-4.259592e+02
6.110000e-06	-3.582271e-09	-1.703857e-09	-1.909580e+01	-4.336620e+02
6.120000e-06	-3.635380e-09	-1.734123e-09	-1.937890e+01	-4.411742e+02
6.130000e-06	-3.688147e-09	-1.763452e-09	-1.966018e+01	-4.484950e+02
6.140000e-06	-3.740615e-09	-1.791621e-09	-1.993987e+01	-4.556251e+02
6.150000e-06	-3.792817e-09	-1.818982e-09	-2.021814e+01	-4.625669e+02
6.160000e-06	-3.844759e-09	-1.845846e-09	-2.049503e+01	-4.693240e+02
6.170000e-06	-3.896427e-09	-1.872110e-09	-2.077045e+01	-4.759015e+02
6.180000e-06	-3.947803e-09	-1.897364e-09	-2.104432e+01	-4.823052e+02
6.190000e-06	-3.998874e-09	-1.921522e-09	-2.131656e+01	-4.885415e+02
6.200000e-06	-4.049633e-09	-1.944694e-09	-2.158714e+01	-4.946171e+02
6.210000e-06	-4.100084e-09	-1.967206e-09	-2.185607e+01	-5.005386e+02
6.220000e-06	-4.150216e-09	-1.989757e-09	-2.212331e+01	-5.063123e+02
6.230000e-06	-4.200003e-09	-2.012498e-09	-2.238870e+01	-5.119440e+02
6.240000e-06	-4.249388e-09	-2.035054e-09	-2.265196e+01	-5.174391e+02
6.250000e-06	-4.298312e-09	-2.056666e-09	-2.291275e+01	-5.228019e+02
6.260000e-06	-4.346748e-09	-2.076700e-09	-2.317094e+01	-5.280360e+02
6.270000e-06	-4.394698e-09	-2.095579e-09	-2.342655e+01	-5.331445e+02
6.280000e-06	-4.442221e-09	-2.114432e-09	-2.367987e+01	-5.381297e+02
6.290000e-06	-4.489395e-09	-2.133605e-09	-2.393134e+01	-5.429934e+02
6.300000e-06	-4.536286e-09	-2.152636e-09	-2.418130e+01	-5.477369e+02
6.310000e-06	-4.582944e-09	-2.171393e-09	-2.443002e+01	-5.523614e+02
6.320000e-06	-4.629386e-09	-2.190003e-09	-2.467759e+01	-5.568682e+02
6.330000e-06	-4.675600e-09	-2.208034e-09	-2.492394e+01	-5.612583e+02
6.340000e-06	-4.721545e-09	-2.224917e-09	-2.516885e+01	-5.655333e+02
6.350000e-06	-4.767171e-09	-2.240700e-09	-2.541207e+01	-5.696949e+02
6.360000e-06	-4.812437e-09	-2.255943e-09	-2.565336e+01	-5.737452e+02
6.370000e-06	-4.857342e-09	-2.271606e-09	-2.589274e+01	-5.776870e+02
6.380000e-06	-4.901933e-09	-2.287830e-09	-2.613044e+01	-5.815232e+02
6.390000e-06	-4.946272e-09	-2.303474e-09	-2.636679e+01	-5.852574e+02
6.400000e-06	-4.990400e-09	-2.317783e-09	-2.660202e+01	-5.888936e+02
6.410000e-06	-5.034302e-09	-2.331431e-09	-2.683605e+01	-5.924360e+02
6.420000e-06	-5.077913e-09	-2.345168e-09	-2.706852e+01	-5.958892e+02
6.430000e-06	-5.121164e-09	-2.358730e-09	-2.729908e+01	-5.992577e+02
6.440000e-06	-5.164032e-09	-2.371700e-09	-2.752759e+01	-6.025464e+02
6.450000e-06	-5.206541e-09	-2.383965e-09	-2.775419e+01	-6.057600e+02
6.460000e-06	-5.248710e-09	-2.395850e-09	-2.797898e+01	-6.089029e+02
6.470000e-06	-5.290527e-09	-2.407918e-09	-2.820190e+01	-6.119796e+02
6.480000e-06	-5.331961e-09	-2.420244e-09	-2.842276e+01	-6.149939e+02
6.490000e-06	-5.372993e-09	-2.432148e-09	-2.864149e+01	-6.179495e+02
6.500000e-06	-5.413659e-09	-2.442972e-09	-2.885827e+01	-6.208496e+02
6.510000e-06	-5.454030e-09	-2.453377e-09	-2.907347e+01	-6.236971e+02
6.520000e-06	-5.494156e-09	-2.464540e-09	-2.928737e+01	-6.264943e+02
6.530000e-06	-5.534020e-09	-2.476123e-09	-2.949987e+01	-6.292432e+02
6.540000e-06	-5.573528e-09	-2.486717e-09	-2.971047e+01	-6.319454e+02
6.550000e-06	-5.612550e-09	-2.496116e-09	-2.991849e+01	-6.346024e+02
6.560000e-06	-5.650968e-09	-2.505326e-09	-3.012328e+01	-6.372153e+02
6.570000e-06	-5.688727e-09	-2.514787e-09	-3.032455e+01	-6.397851e+02
6.580000e-06	-5.725873e-09	-2.524357e-09	-3.052256e+01	-6.423129e+02
6.590000e-06	-5.762540e-09	-2.533943e-09	-3.071802e+01	-6.447995e+02
6.600000e-06	-5.798870e-09	-2.543584e-09	-3.091169e+01	-6.472461e+02
6.610000e-06	-5.834934e-09	-2.553280e-09	-3.110393e+01	-6.496537e+02
6.620000e-06	-5.870706e-09	-2.562755e-09	-3.129462e+01	-6.520236e+02
6.630000e-06	-5.906104e-09	-2.571638e-09	-3.148331e+01	-6.543571e+02
6.640000e-06	-5.941064e-09	-2.579829e-09	-3.166967e+01	-6.566555e+02
6.650000e-06	-5.975579e-09	-2.587642e-09	-3.185366e+01	-6.589200e+02
6.660000e-06	-6.009659e-09	-2.595619e-09	-3.203533e+01	-6.611520e+02
6.670000e-06	-6.043287e-09	-2.604233e-09	-3.221459e+01	-6.633524e+02
6.680000e-06	-6.076455e-09	-2.613134e-09	-3.239139e+01	-6.655222e+02
6.690000e-06	-6.109193e-09	-2.621490e-09	-3.256591e+01	-6.676618e+02
6.700000e-06	-6.141576e-09	-2.629246e-09	-3.273853e+01	-6.697716e+02
6.710000e-06	-6.173653e-09	-2.637049e-09	-3.290952e+01	-6.718514e+02
6.720000e-06	-6.205364e-09	-2.644942e-09	-3.307856e+01	-6.739010e+02
6.730000e-06	-6.236571e-09	-2.652558e-09	-3.324491e+01	-6.759198e+02
6.740000e-06	-6.267136e-09	-2.660023e-09	-3.340784e+01	-6.779070e+02
6.750000e-06	-6.296995e-09	-2.667290e-09	-3.356701e+01	-6.798618e+02
6.760000e-06	-6.326198e-09	-2.674394e-09	-3.372268e+01	-6.817835e+02
6.770000e-06	-6.354884e-09	-2.681897e-09	-3.387560e+01	-6.836714e+02
6.780000e-06	-6.383212e-09	-2.689635e-09	-3.402661e+01	-6.855253e+02
6.790000e-06	-6.411255e-09	-2.696684e-09	-3.417609e+01	-6.873451e+02
6.800000e-06	-6.438953e-09	-2.703261e-09	-3.432374e+01	-6.891312e+02
6.810000e-06	-6.466201e-09	-2.710105e-09	-3.446899e+01	-6.908842e+02
6.820000e-06	-6.492952e-09	-2.717064e-09	-3.461159e+01	-6.926053e+02
6.830000e-06	-6.519219e-09	-2.723743e-09	-3.475161e+01	-6.942957e+02
6.840000e-06	-6.545004e-09	-2.729941e-09	-3.488906e+01	-6.959569e+02
6.850000e-06	-6.570281e-09	-2.735687e-09	-3.502380e+01	-6.975903e+02
6.860000e-06	-6.595085e-09	-2.741568e-09	-3.515602e+01	-6.991972e+02
6.870000e-06	-6.619522e-09	-2.748189e-09	-3.528629e+01	-7.007785e+02
6.880000e-06	-6.643676e-09	-2.754997e-09	-3.541504e+01	-7.023349e+02
6.890000e-06	-6.667505e-09	-2.761105e-09	-3.554207e+01	-7.038664e+02
6.900000e-06	-6.690858e-09	-2.766741e-09	-3.566655e+01	-7.053725e+02
6.910000e-06	-6.713558e-09	-2.772414e-09	-3.578756e+01	-7.068520e+02
6.920000e-06	-6.735504e-09	-2.778007e-09	-3.590455e+01	-7.083033e+02
6.930000e-06	-6.756732e-09	-2.783346e-09	-3.601770e+01	-7.097245e+02
6.940000e-06	-6.777404e-09	-2.788560e-09	-3.612790e+01	-7.111134e+02
6.950000e-06	-6.797703e-09	-2.793769e-09	-3.623610e+01	-7.124675e+02
6.960000e-06	-6.817684e-09	-2.799187e-09	-3.634262e+01	-7.137849e+02
6.970000e-06	-6.837268e-09	-2.804827e-09	-3.644701e+01	-7.150636e+02
6.980000e-06	-6.856359e-09	-2.809880e-09	-3.654878e+01	-7.163025e+02
6.990000e-06	-6.874960e-09	-2.813852e-09	-3.664794e+01	-7.175008e+02
7.000000e-06	-6.893115e-09	-2.817463e-09	-3.674471e+01	-7.186588e+02
7.010000e-06	-6.910809e-09	-2.821654e-09	-3.683903e+01	-7.197772e+02
7.020000e-06	-6.928004e-09	-2.826242e-09	-3.693069e+01	-7.208574e+02
7.030000e-06	-6.944731e-09	-2.830653e-09	-3.701986e+01	-7.219017e+02
7.040000e-06	-6.961097e-09	-2.834978e-09	-3.710710e+01	-7.229122e+02
7.050000e-06	-6.977135e-09	-2.839136e-09	-3.719259e+01	-7.238915e+02
7.060000e-06	-6.992697e-09	-2.842975e-09	-3.727555e+01	-7.248420e+02
7.070000e-06	-7.007536e-09	-2.846813e-09	-3.735465e+01	-7.257658e+02
7.080000e-06	-7.021516e-09	-2.850516e-09	-3.742917e+01	-7.266643e+02
7.090000e-06	-7.034722e-09	-2.853637e-09	-3.749957e+01	-7.275385e+02
7.100000e-06	-7.047340e-09	-2.856648e-09	-3.756683e+01	-7.283882e+02
7.110000e-06	-7.059483e-09	-2.860066e-09	-3.763156e+01	-7.292129e+02
7.120000e-06	-7.071135e-09	-2.863566e-09	-3.769367e+01	-7.300110e+02
7.130000e-06	-7.082252e-09	-2.866813e-09	-3.775293e+01	-7.307805e+02
7.140000e-06	-7.092856e-09	-2.869639e-09	-3.780946e+01	-7.315191e+02
7.150000e-06	-7.102998e-09	-2.872145e-09	-3.786352e+01	-7.322244e+02
7.160000e-06	-7.112655e-09	-2.874691e-09	-3.791500e+01	-7.328940e+02
7.170000e-06	-7.121788e-09	-2.877299e-09	-3.796368e+01	-7.335260e+02
7.180000e-06	-7.130449e-09	-2.879715e-09	-3.800985e+01	-7.341194e+02
7.190000e-06	-7.138752e-09	-2.881595e-09	-3.805412e+01	-7.346735e+02
7.200000e-06	-7.146727e-09	-2.883383e-09	-3.809663e+01	-7.351890e+02
7.210000e-06	-7.154245e-09	-2.885727e-09	-3.813670e+01	-7.356672e+02
7.220000e-06	-7.161109e-09	-2.888184e-09	-3.817329e+01	-7.361103e+02
7.230000e-06	-7.167184e-09	-2.890289e-09	-3.820567e+01	-7.365210e+02
7.240000e-06	-7.172488e-09	-2.892151e-09	-3.823395e+01	-7.369026e+02
7.250000e-06	-7.177196e-09	-2.894032e-09	-3.825904e+01	-7.372583e+02
7.260000e-06	-7.181506e-09	-2.895720e-09	-3.828202e+01	-7.375911e+02
7.270000e-06	-7.185479e-09	-2.896886e-09	-3.830320e+01	-7.379038e+02
7.280000e-06	-7.189030e-09	-2.897922e-09	-3.832213e+01	-7.381980e+02
7.290000e-06	-7.192072e-09	-2.898979e-09	-3.833834e+01	-7.384749e+02
7.300000e-06	-7.194628e-09	-2.900077e-09	-3.835197e+01	-7.387343e+02
7.310000e-06	-7.196755e-09	-2.901677e-09	-3.836331e+01	-7.389752e+02
7.320000e-06	-7.198365e-09	-2.903564e-09	-3.837189e+01	-7.391960e+02
7.330000e-06	-7.199385e-09	-2.904925e-09	-3.837733e+01	-7.393939e+02
7.340000e-06	-7.199966e-09	-2.905633e-09	-3.838042e+01	-7.395663e+02
