# Temperatura_=_0.780373831775701
# Concentracion g/m^3_=_11700.0
# C_Vs_to_Am_M_A/Vsm_=_254322799225.57578
# pendiente_HvsI_1/m_=_3716.3
# ordenada_HvsI_A/m_=_1297.0
# frecuencia_Hz_=_136197.58799317133
# Promedio de 963 ciclos

Tiempo_(s)	Campo_(V.s)	Magnetizacion_(V.s)	Campo_(kA/m)	Magnetizacion_(A/m)
0.000000e+00	-7.212599e-09	-2.510339e-09	-3.838047e+01	-6.391680e+02
1.000000e-08	-7.212756e-09	-2.511408e-09	-3.838131e+01	-6.392883e+02
2.000000e-08	-7.212556e-09	-2.512628e-09	-3.838024e+01	-6.393781e+02
3.000000e-08	-7.211838e-09	-2.513929e-09	-3.837642e+01	-6.394386e+02
4.000000e-08	-7.210416e-09	-2.514979e-09	-3.836886e+01	-6.394720e+02
5.000000e-08	-7.208204e-09	-2.515255e-09	-3.835709e+01	-6.394815e+02
6.000000e-08	-7.205285e-09	-2.514673e-09	-3.834155e+01	-6.394707e+02
7.000000e-08	-7.201846e-09	-2.513628e-09	-3.832326e+01	-6.394434e+02
8.000000e-08	-7.197998e-09	-2.513077e-09	-3.830278e+01	-6.394037e+02
9.000000e-08	-7.193605e-09	-2.512785e-09	-3.827940e+01	-6.393552e+02
1.000000e-07	-7.188442e-09	-2.514471e-09	-3.825193e+01	-6.393010e+02
1.100000e-07	-7.182581e-09	-2.517856e-09	-3.822074e+01	-6.392433e+02
1.200000e-07	-7.176397e-09	-2.517236e-09	-3.818783e+01	-6.391832e+02
1.300000e-07	-7.170041e-09	-2.507941e-09	-3.815401e+01	-6.391205e+02
1.400000e-07	-7.163255e-09	-2.509730e-09	-3.811790e+01	-6.390540e+02
1.500000e-07	-7.155881e-09	-2.523122e-09	-3.807866e+01	-6.389811e+02
1.600000e-07	-7.148097e-09	-2.519702e-09	-3.803724e+01	-6.388984e+02
1.700000e-07	-7.139966e-09	-2.505449e-09	-3.799397e+01	-6.388020e+02
1.800000e-07	-7.131198e-09	-2.511733e-09	-3.794732e+01	-6.386874e+02
1.900000e-07	-7.121596e-09	-2.529770e-09	-3.789622e+01	-6.385504e+02
2.000000e-07	-7.111357e-09	-2.520745e-09	-3.784174e+01	-6.383875e+02
2.100000e-07	-7.100676e-09	-2.500418e-09	-3.778490e+01	-6.381959e+02
2.200000e-07	-7.089423e-09	-2.510079e-09	-3.772502e+01	-6.379739e+02
2.300000e-07	-7.077513e-09	-2.531637e-09	-3.766165e+01	-6.377214e+02
2.400000e-07	-7.065081e-09	-2.520557e-09	-3.759549e+01	-6.374397e+02
2.500000e-07	-7.052118e-09	-2.499898e-09	-3.752651e+01	-6.371315e+02
2.600000e-07	-7.038470e-09	-2.510329e-09	-3.745389e+01	-6.368008e+02
2.700000e-07	-7.024158e-09	-2.523102e-09	-3.737773e+01	-6.364525e+02
2.800000e-07	-7.009206e-09	-2.505525e-09	-3.729816e+01	-6.360919e+02
2.900000e-07	-6.993470e-09	-2.493394e-09	-3.721443e+01	-6.357245e+02
3.000000e-07	-6.977012e-09	-2.506318e-09	-3.712685e+01	-6.353554e+02
3.100000e-07	-6.960110e-09	-2.504644e-09	-3.703691e+01	-6.349886e+02
3.200000e-07	-6.942871e-09	-2.489004e-09	-3.694518e+01	-6.346270e+02
3.300000e-07	-6.925222e-09	-2.495327e-09	-3.685126e+01	-6.342716e+02
3.400000e-07	-6.907142e-09	-2.502491e-09	-3.675505e+01	-6.339219e+02
3.500000e-07	-6.888610e-09	-2.485448e-09	-3.665644e+01	-6.335751e+02
3.600000e-07	-6.869574e-09	-2.480481e-09	-3.655514e+01	-6.332268e+02
3.700000e-07	-6.850086e-09	-2.498535e-09	-3.645144e+01	-6.328710e+02
3.800000e-07	-6.830246e-09	-2.493899e-09	-3.634586e+01	-6.325004e+02
3.900000e-07	-6.810019e-09	-2.473366e-09	-3.623823e+01	-6.321072e+02
4.000000e-07	-6.789286e-09	-2.480315e-09	-3.612790e+01	-6.316829e+02
4.100000e-07	-6.768035e-09	-2.491798e-09	-3.601482e+01	-6.312198e+02
4.200000e-07	-6.746302e-09	-2.476600e-09	-3.589917e+01	-6.307106e+02
4.300000e-07	-6.724075e-09	-2.468204e-09	-3.578089e+01	-6.301496e+02
4.400000e-07	-6.701379e-09	-2.477532e-09	-3.566012e+01	-6.295324e+02
4.500000e-07	-6.678260e-09	-2.469932e-09	-3.553710e+01	-6.288566e+02
4.600000e-07	-6.654755e-09	-2.457364e-09	-3.541202e+01	-6.281217e+02
4.700000e-07	-6.630924e-09	-2.463827e-09	-3.528521e+01	-6.273288e+02
4.800000e-07	-6.606731e-09	-2.464164e-09	-3.515647e+01	-6.264809e+02
4.900000e-07	-6.581973e-09	-2.450604e-09	-3.502473e+01	-6.255823e+02
5.000000e-07	-6.556473e-09	-2.450576e-09	-3.488903e+01	-6.246381e+02
5.100000e-07	-6.530220e-09	-2.453785e-09	-3.474933e+01	-6.236541e+02
5.200000e-07	-6.503314e-09	-2.442382e-09	-3.460616e+01	-6.226361e+02
5.300000e-07	-6.475915e-09	-2.435572e-09	-3.446036e+01	-6.215895e+02
5.400000e-07	-6.448165e-09	-2.438061e-09	-3.431269e+01	-6.205191e+02
5.500000e-07	-6.420075e-09	-2.431699e-09	-3.416322e+01	-6.194287e+02
5.600000e-07	-6.391565e-09	-2.424943e-09	-3.401151e+01	-6.183212e+02
5.700000e-07	-6.362591e-09	-2.426600e-09	-3.385733e+01	-6.171980e+02
5.800000e-07	-6.333181e-09	-2.422831e-09	-3.370083e+01	-6.160595e+02
5.900000e-07	-6.303377e-09	-2.413826e-09	-3.354223e+01	-6.149054e+02
6.000000e-07	-6.273173e-09	-2.410580e-09	-3.338151e+01	-6.137341e+02
6.100000e-07	-6.242524e-09	-2.407705e-09	-3.321842e+01	-6.125440e+02
6.200000e-07	-6.211427e-09	-2.401275e-09	-3.305294e+01	-6.113330e+02
6.300000e-07	-6.179968e-09	-2.397382e-09	-3.288553e+01	-6.100989e+02
6.400000e-07	-6.148225e-09	-2.393985e-09	-3.271662e+01	-6.088401e+02
6.500000e-07	-6.116163e-09	-2.387978e-09	-3.254601e+01	-6.075552e+02
6.600000e-07	-6.083637e-09	-2.383449e-09	-3.237293e+01	-6.062433e+02
6.700000e-07	-6.050487e-09	-2.379937e-09	-3.219653e+01	-6.049042e+02
6.800000e-07	-6.016613e-09	-2.373798e-09	-3.201628e+01	-6.035382e+02
6.900000e-07	-5.982051e-09	-2.367423e-09	-3.183236e+01	-6.021459e+02
7.000000e-07	-5.946948e-09	-2.362648e-09	-3.164557e+01	-6.007285e+02
7.100000e-07	-5.911462e-09	-2.358181e-09	-3.145673e+01	-5.992869e+02
7.200000e-07	-5.875693e-09	-2.352803e-09	-3.126640e+01	-5.978225e+02
7.300000e-07	-5.839652e-09	-2.346753e-09	-3.107461e+01	-5.963361e+02
7.400000e-07	-5.803264e-09	-2.340859e-09	-3.088098e+01	-5.948284e+02
7.500000e-07	-5.766463e-09	-2.335495e-09	-3.068515e+01	-5.932995e+02
7.600000e-07	-5.729234e-09	-2.329946e-09	-3.048704e+01	-5.917492e+02
7.700000e-07	-5.691579e-09	-2.324125e-09	-3.028667e+01	-5.901770e+02
7.800000e-07	-5.653479e-09	-2.317544e-09	-3.008393e+01	-5.885817e+02
7.900000e-07	-5.614938e-09	-2.310728e-09	-2.987884e+01	-5.869619e+02
8.000000e-07	-5.575985e-09	-2.304385e-09	-2.967156e+01	-5.853163e+02
8.100000e-07	-5.536672e-09	-2.298359e-09	-2.946236e+01	-5.836432e+02
8.200000e-07	-5.497060e-09	-2.291835e-09	-2.925157e+01	-5.819411e+02
8.300000e-07	-5.457181e-09	-2.285081e-09	-2.903936e+01	-5.802087e+02
8.400000e-07	-5.417007e-09	-2.278601e-09	-2.882558e+01	-5.784451e+02
8.500000e-07	-5.376462e-09	-2.272341e-09	-2.860983e+01	-5.766494e+02
8.600000e-07	-5.335452e-09	-2.266186e-09	-2.839160e+01	-5.748214e+02
8.700000e-07	-5.293876e-09	-2.259582e-09	-2.817037e+01	-5.729610e+02
8.800000e-07	-5.251673e-09	-2.251998e-09	-2.794580e+01	-5.710686e+02
8.900000e-07	-5.208907e-09	-2.244554e-09	-2.771822e+01	-5.691445e+02
9.000000e-07	-5.165720e-09	-2.237493e-09	-2.748841e+01	-5.671896e+02
9.100000e-07	-5.122210e-09	-2.229833e-09	-2.725688e+01	-5.652047e+02
9.200000e-07	-5.078402e-09	-2.221883e-09	-2.702377e+01	-5.631906e+02
9.300000e-07	-5.034288e-09	-2.214140e-09	-2.678902e+01	-5.611483e+02
9.400000e-07	-4.989852e-09	-2.206470e-09	-2.655256e+01	-5.590785e+02
9.500000e-07	-4.945071e-09	-2.198700e-09	-2.631427e+01	-5.569822e+02
9.600000e-07	-4.899934e-09	-2.190927e-09	-2.607408e+01	-5.548602e+02
9.700000e-07	-4.854450e-09	-2.182703e-09	-2.583205e+01	-5.527132e+02
9.800000e-07	-4.808622e-09	-2.174234e-09	-2.558818e+01	-5.505420e+02
9.900000e-07	-4.762453e-09	-2.165852e-09	-2.534250e+01	-5.483473e+02
1.000000e-06	-4.715954e-09	-2.157590e-09	-2.509507e+01	-5.461298e+02
1.010000e-06	-4.669133e-09	-2.149151e-09	-2.484592e+01	-5.438902e+02
1.020000e-06	-4.622005e-09	-2.140314e-09	-2.459513e+01	-5.416290e+02
1.030000e-06	-4.574597e-09	-2.131180e-09	-2.434286e+01	-5.393468e+02
1.040000e-06	-4.526934e-09	-2.122229e-09	-2.408923e+01	-5.370437e+02
1.050000e-06	-4.479013e-09	-2.113486e-09	-2.383423e+01	-5.347198e+02
1.060000e-06	-4.430795e-09	-2.104460e-09	-2.357764e+01	-5.323747e+02
1.070000e-06	-4.382212e-09	-2.094761e-09	-2.331912e+01	-5.300079e+02
1.080000e-06	-4.333188e-09	-2.084804e-09	-2.305825e+01	-5.276182e+02
1.090000e-06	-4.283666e-09	-2.075259e-09	-2.279473e+01	-5.252042e+02
1.100000e-06	-4.233629e-09	-2.065967e-09	-2.252847e+01	-5.227642e+02
1.110000e-06	-4.183114e-09	-2.056305e-09	-2.225967e+01	-5.202962e+02
1.120000e-06	-4.132188e-09	-2.046416e-09	-2.198868e+01	-5.177980e+02
1.130000e-06	-4.080918e-09	-2.036257e-09	-2.171585e+01	-5.152673e+02
1.140000e-06	-4.029354e-09	-2.025869e-09	-2.144146e+01	-5.127020e+02
1.150000e-06	-3.977521e-09	-2.015574e-09	-2.116565e+01	-5.101002e+02
1.160000e-06	-3.925425e-09	-2.005554e-09	-2.088843e+01	-5.074603e+02
1.170000e-06	-3.873057e-09	-1.995392e-09	-2.060976e+01	-5.047812e+02
1.180000e-06	-3.820392e-09	-1.984903e-09	-2.032951e+01	-5.020621e+02
1.190000e-06	-3.767415e-09	-1.974141e-09	-2.004761e+01	-4.993030e+02
1.200000e-06	-3.714139e-09	-1.962942e-09	-1.976411e+01	-4.965041e+02
1.210000e-06	-3.660582e-09	-1.951606e-09	-1.947912e+01	-4.936661e+02
1.220000e-06	-3.606772e-09	-1.940287e-09	-1.919277e+01	-4.907899e+02
1.230000e-06	-3.552726e-09	-1.928975e-09	-1.890518e+01	-4.878765e+02
1.240000e-06	-3.498440e-09	-1.917191e-09	-1.861631e+01	-4.849270e+02
1.250000e-06	-3.443904e-09	-1.905075e-09	-1.832610e+01	-4.819419e+02
1.260000e-06	-3.389125e-09	-1.893242e-09	-1.803461e+01	-4.789217e+02
1.270000e-06	-3.334111e-09	-1.881491e-09	-1.774186e+01	-4.758662e+02
1.280000e-06	-3.278877e-09	-1.869523e-09	-1.744795e+01	-4.727746e+02
1.290000e-06	-3.223454e-09	-1.857482e-09	-1.715302e+01	-4.696456e+02
1.300000e-06	-3.167869e-09	-1.845096e-09	-1.685723e+01	-4.664772e+02
1.310000e-06	-3.112142e-09	-1.832448e-09	-1.656069e+01	-4.632671e+02
1.320000e-06	-3.056278e-09	-1.820006e-09	-1.626342e+01	-4.600123e+02
1.330000e-06	-3.000265e-09	-1.807339e-09	-1.596535e+01	-4.567100e+02
1.340000e-06	-2.944075e-09	-1.793837e-09	-1.566635e+01	-4.533569e+02
1.350000e-06	-2.887673e-09	-1.780014e-09	-1.536622e+01	-4.499502e+02
1.360000e-06	-2.831028e-09	-1.766350e-09	-1.506479e+01	-4.464870e+02
1.370000e-06	-2.774118e-09	-1.752767e-09	-1.476196e+01	-4.429651e+02
1.380000e-06	-2.716935e-09	-1.738877e-09	-1.445767e+01	-4.393825e+02
1.390000e-06	-2.659464e-09	-1.724765e-09	-1.415185e+01	-4.357375e+02
1.400000e-06	-2.601692e-09	-1.710343e-09	-1.384443e+01	-4.320292e+02
1.410000e-06	-2.543626e-09	-1.695539e-09	-1.353545e+01	-4.282565e+02
1.420000e-06	-2.485271e-09	-1.680869e-09	-1.322493e+01	-4.244190e+02
1.430000e-06	-2.426643e-09	-1.665930e-09	-1.291295e+01	-4.205159e+02
1.440000e-06	-2.367770e-09	-1.650137e-09	-1.259967e+01	-4.165467e+02
1.450000e-06	-2.308680e-09	-1.634139e-09	-1.228523e+01	-4.125104e+02
1.460000e-06	-2.249397e-09	-1.618112e-09	-1.196977e+01	-4.084058e+02
1.470000e-06	-2.189946e-09	-1.601739e-09	-1.165341e+01	-4.042313e+02
1.480000e-06	-2.130356e-09	-1.585271e-09	-1.133632e+01	-3.999851e+02
1.490000e-06	-2.070658e-09	-1.568362e-09	-1.101864e+01	-3.956650e+02
1.500000e-06	-2.010867e-09	-1.550856e-09	-1.070047e+01	-3.912686e+02
1.510000e-06	-1.950993e-09	-1.533296e-09	-1.038186e+01	-3.867933e+02
1.520000e-06	-1.891042e-09	-1.515721e-09	-1.006284e+01	-3.822366e+02
1.530000e-06	-1.831017e-09	-1.497301e-09	-9.743430e+00	-3.775965e+02
1.540000e-06	-1.770914e-09	-1.478232e-09	-9.423602e+00	-3.728709e+02
1.550000e-06	-1.710727e-09	-1.459298e-09	-9.103329e+00	-3.680584e+02
1.560000e-06	-1.650446e-09	-1.440530e-09	-8.782552e+00	-3.631580e+02
1.570000e-06	-1.590059e-09	-1.421473e-09	-8.461215e+00	-3.581689e+02
1.580000e-06	-1.529563e-09	-1.401547e-09	-8.139297e+00	-3.530909e+02
1.590000e-06	-1.468954e-09	-1.380702e-09	-7.816778e+00	-3.479238e+02
1.600000e-06	-1.408226e-09	-1.359275e-09	-7.493628e+00	-3.426674e+02
1.610000e-06	-1.347383e-09	-1.337844e-09	-7.169862e+00	-3.373211e+02
1.620000e-06	-1.286428e-09	-1.316721e-09	-6.845499e+00	-3.318836e+02
1.630000e-06	-1.225367e-09	-1.295114e-09	-6.520578e+00	-3.263531e+02
1.640000e-06	-1.164213e-09	-1.272590e-09	-6.195160e+00	-3.207265e+02
1.650000e-06	-1.102978e-09	-1.249693e-09	-5.869308e+00	-3.149996e+02
1.660000e-06	-1.041679e-09	-1.227007e-09	-5.543118e+00	-3.091670e+02
1.670000e-06	-9.803237e-10	-1.203912e-09	-5.216626e+00	-3.032218e+02
1.680000e-06	-9.189098e-10	-1.179495e-09	-4.889824e+00	-2.971565e+02
1.690000e-06	-8.574375e-10	-1.154056e-09	-4.562711e+00	-2.909625e+02
1.700000e-06	-7.959068e-10	-1.128137e-09	-4.235286e+00	-2.846306e+02
1.710000e-06	-7.343190e-10	-1.102232e-09	-3.907558e+00	-2.781515e+02
1.720000e-06	-6.726760e-10	-1.076423e-09	-3.579537e+00	-2.715163e+02
1.730000e-06	-6.109794e-10	-1.050167e-09	-3.251230e+00	-2.647165e+02
1.740000e-06	-5.492303e-10	-1.023125e-09	-2.922643e+00	-2.577450e+02
1.750000e-06	-4.874331e-10	-9.951346e-10	-2.593801e+00	-2.505958e+02
1.760000e-06	-4.255957e-10	-9.662555e-10	-2.264745e+00	-2.432646e+02
1.770000e-06	-3.637199e-10	-9.367213e-10	-1.935484e+00	-2.357492e+02
1.780000e-06	-3.018128e-10	-9.062032e-10	-1.606057e+00	-2.280489e+02
1.790000e-06	-2.398904e-10	-8.745934e-10	-1.276548e+00	-2.201652e+02
1.800000e-06	-1.779602e-10	-8.424476e-10	-9.469984e-01	-2.121012e+02
1.810000e-06	-1.160299e-10	-8.102351e-10	-6.174473e-01	-2.038613e+02
1.820000e-06	-5.410394e-11	-7.775224e-10	-2.879199e-01	-1.954516e+02
1.830000e-06	7.818821e-12	-7.433921e-10	4.159060e-02	-1.868790e+02
1.840000e-06	6.973841e-11	-7.079474e-10	3.710842e-01	-1.781508e+02
1.850000e-06	1.316560e-10	-6.723879e-10	7.005670e-01	-1.692752e+02
1.860000e-06	1.935690e-10	-6.369213e-10	1.030026e+00	-1.602603e+02
1.870000e-06	2.554765e-10	-6.007784e-10	1.359455e+00	-1.511141e+02
1.880000e-06	3.173765e-10	-5.635637e-10	1.688844e+00	-1.418449e+02
1.890000e-06	3.792583e-10	-5.256085e-10	2.018137e+00	-1.324604e+02
1.900000e-06	4.411161e-10	-4.876292e-10	2.347301e+00	-1.229685e+02
1.910000e-06	5.029431e-10	-4.496927e-10	2.676302e+00	-1.133769e+02
1.920000e-06	5.647285e-10	-4.115285e-10	3.005082e+00	-1.036932e+02
1.930000e-06	6.264630e-10	-3.730692e-10	3.333590e+00	-9.392517e+01
1.940000e-06	6.881351e-10	-3.340116e-10	3.661767e+00	-8.408073e+01
1.950000e-06	7.497374e-10	-2.944678e-10	3.989572e+00	-7.416793e+01
1.960000e-06	8.112695e-10	-2.548959e-10	4.317004e+00	-6.419500e+01
1.970000e-06	8.727359e-10	-2.151960e-10	4.644085e+00	-5.417033e+01
1.980000e-06	9.341383e-10	-1.751691e-10	4.970826e+00	-4.410229e+01
1.990000e-06	9.954771e-10	-1.349679e-10	5.297230e+00	-3.399916e+01
2.000000e-06	1.056752e-09	-9.461634e-11	5.623294e+00	-2.386895e+01
2.010000e-06	1.117957e-09	-5.431697e-11	5.948984e+00	-1.371923e+01
2.020000e-06	1.179084e-09	-1.413345e-11	6.274259e+00	-3.556932e+00
2.030000e-06	1.240127e-09	2.613181e-11	6.599086e+00	6.611705e+00
2.040000e-06	1.301073e-09	6.652605e-11	6.923401e+00	1.678128e+01
2.050000e-06	1.361916e-09	1.070726e-10	7.247163e+00	2.694722e+01
2.060000e-06	1.422647e-09	1.470520e-10	7.570329e+00	3.710574e+01
2.070000e-06	1.483261e-09	1.865885e-10	7.892875e+00	4.725375e+01
2.080000e-06	1.543760e-09	2.264323e-10	8.214810e+00	5.738863e+01
2.090000e-06	1.604142e-09	2.665775e-10	8.536125e+00	6.750806e+01
2.100000e-06	1.664413e-09	3.069118e-10	8.856845e+00	7.760977e+01
2.110000e-06	1.724583e-09	3.470099e-10	9.177028e+00	8.769126e+01
2.120000e-06	1.784663e-09	3.866701e-10	9.496732e+00	9.774960e+01
2.130000e-06	1.844663e-09	4.264011e-10	9.816016e+00	1.077812e+02
2.140000e-06	1.904591e-09	4.663526e-10	1.013491e+01	1.177818e+02
2.150000e-06	1.964446e-09	5.059122e-10	1.045342e+01	1.277463e+02
2.160000e-06	2.024223e-09	5.450209e-10	1.077152e+01	1.376686e+02
2.170000e-06	2.083915e-09	5.840986e-10	1.108915e+01	1.475424e+02
2.180000e-06	2.143510e-09	6.228931e-10	1.140628e+01	1.573604e+02
2.190000e-06	2.202987e-09	6.613708e-10	1.172278e+01	1.671152e+02
2.200000e-06	2.262324e-09	6.998234e-10	1.203853e+01	1.767995e+02
2.210000e-06	2.321492e-09	7.377945e-10	1.235338e+01	1.864060e+02
2.220000e-06	2.380455e-09	7.749667e-10	1.266714e+01	1.959280e+02
2.230000e-06	2.439179e-09	8.118462e-10	1.297963e+01	2.053593e+02
2.240000e-06	2.497632e-09	8.485329e-10	1.329067e+01	2.146946e+02
2.250000e-06	2.555794e-09	8.849394e-10	1.360017e+01	2.239292e+02
2.260000e-06	2.613657e-09	9.209699e-10	1.390807e+01	2.330595e+02
2.270000e-06	2.671218e-09	9.564326e-10	1.421437e+01	2.420822e+02
2.280000e-06	2.728480e-09	9.912770e-10	1.451908e+01	2.509949e+02
2.290000e-06	2.785455e-09	1.025462e-09	1.482226e+01	2.597952e+02
2.300000e-06	2.842155e-09	1.059523e-09	1.512397e+01	2.684810e+02
2.310000e-06	2.898601e-09	1.093609e-09	1.542434e+01	2.770499e+02
2.320000e-06	2.954828e-09	1.126964e-09	1.572354e+01	2.854991e+02
2.330000e-06	3.010869e-09	1.159407e-09	1.602175e+01	2.938254e+02
2.340000e-06	3.066745e-09	1.191298e-09	1.631909e+01	3.020251e+02
2.350000e-06	3.122471e-09	1.222939e-09	1.661562e+01	3.100936e+02
2.360000e-06	3.178045e-09	1.253998e-09	1.691135e+01	3.180260e+02
2.370000e-06	3.233452e-09	1.283955e-09	1.720619e+01	3.258172e+02
2.380000e-06	3.288669e-09	1.313079e-09	1.750002e+01	3.334616e+02
2.390000e-06	3.343671e-09	1.342263e-09	1.779270e+01	3.409540e+02
2.400000e-06	3.398446e-09	1.371424e-09	1.808418e+01	3.482896e+02
2.410000e-06	3.452994e-09	1.399742e-09	1.837444e+01	3.554641e+02
2.420000e-06	3.507314e-09	1.427219e-09	1.866350e+01	3.624745e+02
2.430000e-06	3.561403e-09	1.453689e-09	1.895132e+01	3.693186e+02
2.440000e-06	3.615259e-09	1.479256e-09	1.923791e+01	3.759958e+02
2.450000e-06	3.668868e-09	1.504822e-09	1.952318e+01	3.825066e+02
2.460000e-06	3.722208e-09	1.530288e-09	1.980702e+01	3.888527e+02
2.470000e-06	3.775256e-09	1.555047e-09	2.008930e+01	3.950371e+02
2.480000e-06	3.827996e-09	1.578951e-09	2.036995e+01	4.010635e+02
2.490000e-06	3.880426e-09	1.602015e-09	2.064895e+01	4.069364e+02
2.500000e-06	3.932558e-09	1.624525e-09	2.092636e+01	4.126605e+02
2.510000e-06	3.984408e-09	1.646730e-09	2.120227e+01	4.182408e+02
2.520000e-06	4.035968e-09	1.668270e-09	2.147663e+01	4.236818e+02
2.530000e-06	4.087207e-09	1.688941e-09	2.174929e+01	4.289877e+02
2.540000e-06	4.138078e-09	1.709731e-09	2.201999e+01	4.341619e+02
2.550000e-06	4.188528e-09	1.730673e-09	2.228845e+01	4.392075e+02
2.560000e-06	4.238509e-09	1.750867e-09	2.255441e+01	4.441264e+02
2.570000e-06	4.287993e-09	1.769905e-09	2.281773e+01	4.489200e+02
2.580000e-06	4.336994e-09	1.787722e-09	2.307848e+01	4.535894e+02
2.590000e-06	4.385570e-09	1.804903e-09	2.333696e+01	4.581350e+02
2.600000e-06	4.433799e-09	1.822170e-09	2.359360e+01	4.625574e+02
2.610000e-06	4.481750e-09	1.839392e-09	2.384876e+01	4.668569e+02
2.620000e-06	4.529465e-09	1.855916e-09	2.410267e+01	4.710345e+02
2.630000e-06	4.576938e-09	1.871691e-09	2.435530e+01	4.750916e+02
2.640000e-06	4.624125e-09	1.887034e-09	2.460639e+01	4.790301e+02
2.650000e-06	4.670982e-09	1.902051e-09	2.485573e+01	4.828527e+02
2.660000e-06	4.717486e-09	1.916283e-09	2.510319e+01	4.865630e+02
2.670000e-06	4.763648e-09	1.929529e-09	2.534884e+01	4.901652e+02
2.680000e-06	4.809489e-09	1.942399e-09	2.559277e+01	4.936640e+02
2.690000e-06	4.855016e-09	1.955513e-09	2.583503e+01	4.970647e+02
2.700000e-06	4.900219e-09	1.969045e-09	2.607557e+01	5.003730e+02
2.710000e-06	4.945081e-09	1.982419e-09	2.631430e+01	5.035946e+02
2.720000e-06	4.989600e-09	1.995039e-09	2.655120e+01	5.067350e+02
2.730000e-06	5.033808e-09	2.006914e-09	2.678644e+01	5.097998e+02
2.740000e-06	5.077761e-09	2.018237e-09	2.702033e+01	5.127941e+02
2.750000e-06	5.121495e-09	2.029526e-09	2.725305e+01	5.157224e+02
2.760000e-06	5.164985e-09	2.040982e-09	2.748448e+01	5.185889e+02
2.770000e-06	5.208137e-09	2.052144e-09	2.771410e+01	5.213971e+02
2.780000e-06	5.250824e-09	2.062936e-09	2.794125e+01	5.241503e+02
2.790000e-06	5.292929e-09	2.073759e-09	2.816531e+01	5.268511e+02
2.800000e-06	5.334397e-09	2.084557e-09	2.838597e+01	5.295019e+02
2.810000e-06	5.375269e-09	2.095022e-09	2.860346e+01	5.321047e+02
2.820000e-06	5.415663e-09	2.105118e-09	2.881841e+01	5.346614e+02
2.830000e-06	5.455712e-09	2.114987e-09	2.903152e+01	5.371739e+02
2.840000e-06	5.495503e-09	2.124786e-09	2.924327e+01	5.396440e+02
2.850000e-06	5.535046e-09	2.134494e-09	2.945369e+01	5.420733e+02
2.860000e-06	5.574281e-09	2.144048e-09	2.966247e+01	5.444637e+02
2.870000e-06	5.613127e-09	2.153158e-09	2.986918e+01	5.468169e+02
2.880000e-06	5.651543e-09	2.162140e-09	3.007361e+01	5.491346e+02
2.890000e-06	5.689527e-09	2.171367e-09	3.027573e+01	5.514185e+02
2.900000e-06	5.727088e-09	2.180677e-09	3.047560e+01	5.536699e+02
2.910000e-06	5.764225e-09	2.189874e-09	3.067322e+01	5.558903e+02
2.920000e-06	5.800943e-09	2.198434e-09	3.086861e+01	5.580807e+02
2.930000e-06	5.837288e-09	2.206674e-09	3.106201e+01	5.602418e+02
2.940000e-06	5.873329e-09	2.215189e-09	3.125380e+01	5.623740e+02
2.950000e-06	5.909117e-09	2.223924e-09	3.144424e+01	5.644777e+02
2.960000e-06	5.944638e-09	2.232646e-09	3.163326e+01	5.665528e+02
2.970000e-06	5.979786e-09	2.240877e-09	3.182029e+01	5.685989e+02
2.980000e-06	6.014405e-09	2.248406e-09	3.200451e+01	5.706156e+02
2.990000e-06	6.048363e-09	2.256012e-09	3.218521e+01	5.726024e+02
3.000000e-06	6.081613e-09	2.264031e-09	3.236214e+01	5.745586e+02
3.010000e-06	6.114232e-09	2.271681e-09	3.253572e+01	5.764836e+02
3.020000e-06	6.146384e-09	2.279014e-09	3.270681e+01	5.783770e+02
3.030000e-06	6.178206e-09	2.286635e-09	3.287614e+01	5.802382e+02
3.040000e-06	6.209730e-09	2.294596e-09	3.304389e+01	5.820670e+02
3.050000e-06	6.240891e-09	2.302372e-09	3.320971e+01	5.838632e+02
3.060000e-06	6.271614e-09	2.309538e-09	3.337320e+01	5.856270e+02
3.070000e-06	6.301876e-09	2.316189e-09	3.353423e+01	5.873584e+02
3.080000e-06	6.331693e-09	2.322638e-09	3.369290e+01	5.890579e+02
3.090000e-06	6.361075e-09	2.329302e-09	3.384925e+01	5.907258e+02
3.100000e-06	6.390016e-09	2.336360e-09	3.400325e+01	5.923628e+02
3.110000e-06	6.418535e-09	2.343312e-09	3.415501e+01	5.939694e+02
3.120000e-06	6.446697e-09	2.349728e-09	3.430487e+01	5.955463e+02
3.130000e-06	6.474562e-09	2.355792e-09	3.445315e+01	5.970941e+02
3.140000e-06	6.502124e-09	2.362145e-09	3.459982e+01	5.986133e+02
3.150000e-06	6.529264e-09	2.368707e-09	3.474424e+01	6.001045e+02
3.160000e-06	6.555797e-09	2.374724e-09	3.488542e+01	6.015682e+02
3.170000e-06	6.581568e-09	2.380030e-09	3.502256e+01	6.030046e+02
3.180000e-06	6.606571e-09	2.385135e-09	3.515561e+01	6.044139e+02
3.190000e-06	6.630954e-09	2.390717e-09	3.528536e+01	6.057962e+02
3.200000e-06	6.654894e-09	2.396749e-09	3.541275e+01	6.071515e+02
3.210000e-06	6.678464e-09	2.402668e-09	3.553818e+01	6.084796e+02
3.220000e-06	6.701621e-09	2.408274e-09	3.566140e+01	6.097803e+02
3.230000e-06	6.724307e-09	2.413724e-09	3.578212e+01	6.110531e+02
3.240000e-06	6.746522e-09	2.418774e-09	3.590033e+01	6.122977e+02
3.250000e-06	6.768289e-09	2.423476e-09	3.601616e+01	6.135136e+02
3.260000e-06	6.789595e-09	2.428089e-09	3.612954e+01	6.147004e+02
3.270000e-06	6.810409e-09	2.432433e-09	3.624030e+01	6.158578e+02
3.280000e-06	6.830764e-09	2.436573e-09	3.634861e+01	6.169854e+02
3.290000e-06	6.850759e-09	2.440842e-09	3.645501e+01	6.180832e+02
3.300000e-06	6.870450e-09	2.445518e-09	3.655979e+01	6.191512e+02
3.310000e-06	6.889775e-09	2.450248e-09	3.666263e+01	6.201893e+02
3.320000e-06	6.908608e-09	2.454464e-09	3.676285e+01	6.211981e+02
3.330000e-06	6.926862e-09	2.458319e-09	3.685998e+01	6.221777e+02
3.340000e-06	6.944551e-09	2.462050e-09	3.695410e+01	6.231288e+02
3.350000e-06	6.961767e-09	2.465745e-09	3.704572e+01	6.240519e+02
3.360000e-06	6.978591e-09	2.469329e-09	3.713525e+01	6.249475e+02
3.370000e-06	6.994996e-09	2.472524e-09	3.722254e+01	6.258161e+02
3.380000e-06	7.010849e-09	2.475355e-09	3.730690e+01	6.266582e+02
3.390000e-06	7.026040e-09	2.478132e-09	3.738774e+01	6.274739e+02
3.400000e-06	7.040578e-09	2.481254e-09	3.746510e+01	6.282634e+02
3.410000e-06	7.054550e-09	2.484359e-09	3.753945e+01	6.290266e+02
3.420000e-06	7.068003e-09	2.487014e-09	3.761104e+01	6.297634e+02
3.430000e-06	7.080923e-09	2.489433e-09	3.767979e+01	6.304735e+02
3.440000e-06	7.093318e-09	2.491564e-09	3.774574e+01	6.311564e+02
3.450000e-06	7.105234e-09	2.493463e-09	3.780915e+01	6.318120e+02
3.460000e-06	7.116656e-09	2.495544e-09	3.786993e+01	6.324401e+02
3.470000e-06	7.127456e-09	2.497831e-09	3.792741e+01	6.330407e+02
3.480000e-06	7.137488e-09	2.500038e-09	3.798078e+01	6.336141e+02
3.490000e-06	7.146707e-09	2.502087e-09	3.802984e+01	6.341609e+02
3.500000e-06	7.155240e-09	2.503928e-09	3.807525e+01	6.346819e+02
3.510000e-06	7.163299e-09	2.505642e-09	3.811813e+01	6.351783e+02
3.520000e-06	7.171007e-09	2.507093e-09	3.815915e+01	6.356516e+02
3.530000e-06	7.178326e-09	2.508023e-09	3.819810e+01	6.361033e+02
3.540000e-06	7.185154e-09	2.508876e-09	3.823443e+01	6.365350e+02
3.550000e-06	7.191453e-09	2.510204e-09	3.826795e+01	6.369481e+02
3.560000e-06	7.197232e-09	2.511993e-09	3.829870e+01	6.373438e+02
3.570000e-06	7.202481e-09	2.513666e-09	3.832663e+01	6.377230e+02
3.580000e-06	7.207198e-09	2.514617e-09	3.835174e+01	6.380860e+02
3.590000e-06	7.211457e-09	2.515020e-09	3.837440e+01	6.384324e+02
3.600000e-06	7.215370e-09	2.515374e-09	3.839522e+01	6.387615e+02
3.610000e-06	7.218951e-09	2.516096e-09	3.841428e+01	6.390719e+02
3.620000e-06	7.222075e-09	2.516887e-09	3.843090e+01	6.393617e+02
3.630000e-06	7.224553e-09	2.517239e-09	3.844409e+01	6.396287e+02
3.640000e-06	7.226255e-09	2.517352e-09	3.845314e+01	6.398707e+02
3.650000e-06	7.227193e-09	2.517904e-09	3.845813e+01	6.400854e+02
3.660000e-06	7.227531e-09	2.518786e-09	3.845993e+01	6.402711e+02
3.670000e-06	7.227452e-09	2.519023e-09	3.845952e+01	6.404263e+02
3.680000e-06	7.227009e-09	2.518623e-09	3.845716e+01	6.405505e+02
3.690000e-06	7.226123e-09	2.518268e-09	3.845244e+01	6.406441e+02
3.700000e-06	7.224728e-09	2.518031e-09	3.844502e+01	6.407083e+02
3.710000e-06	7.222852e-09	2.517847e-09	3.843503e+01	6.407451e+02
3.720000e-06	7.220538e-09	2.517734e-09	3.842272e+01	6.407575e+02
3.730000e-06	7.217763e-09	2.517923e-09	3.840795e+01	6.407492e+02
3.740000e-06	7.214503e-09	2.519012e-09	3.839061e+01	6.407239e+02
3.750000e-06	7.210772e-09	2.520060e-09	3.837075e+01	6.406857e+02
3.760000e-06	7.206466e-09	2.519365e-09	3.834784e+01	6.406384e+02
3.770000e-06	7.201289e-09	2.514764e-09	3.832029e+01	6.405850e+02
3.780000e-06	7.195182e-09	2.508265e-09	3.828779e+01	6.405279e+02
3.790000e-06	7.188641e-09	2.517494e-09	3.825299e+01	6.404684e+02
3.800000e-06	7.182017e-09	2.522711e-09	3.821774e+01	6.404063e+02
3.810000e-06	7.175027e-09	2.506825e-09	3.818054e+01	6.403406e+02
3.820000e-06	7.167363e-09	2.499338e-09	3.813976e+01	6.402689e+02
3.830000e-06	7.159187e-09	2.514192e-09	3.809626e+01	6.401879e+02
3.840000e-06	7.150738e-09	2.523076e-09	3.805129e+01	6.400936e+02
3.850000e-06	7.141852e-09	2.503913e-09	3.800401e+01	6.399816e+02
3.860000e-06	7.132282e-09	2.491673e-09	3.795309e+01	6.398479e+02
3.870000e-06	7.122167e-09	2.509129e-09	3.789926e+01	6.396885e+02
3.880000e-06	7.111734e-09	2.519864e-09	3.784374e+01	6.395006e+02
3.890000e-06	7.100851e-09	2.501608e-09	3.778583e+01	6.392826e+02
3.900000e-06	7.089299e-09	2.493676e-09	3.772436e+01	6.390340e+02
3.910000e-06	7.077154e-09	2.509245e-09	3.765973e+01	6.387560e+02
3.920000e-06	7.064456e-09	2.506982e-09	3.759216e+01	6.384511e+02
3.930000e-06	7.050946e-09	2.487523e-09	3.752027e+01	6.381231e+02
3.940000e-06	7.036502e-09	2.495686e-09	3.744341e+01	6.377768e+02
3.950000e-06	7.021390e-09	2.518784e-09	3.736299e+01	6.374177e+02
3.960000e-06	7.005830e-09	2.508113e-09	3.728020e+01	6.370511e+02
3.970000e-06	6.989823e-09	2.482576e-09	3.719502e+01	6.366822e+02
3.980000e-06	6.973409e-09	2.489812e-09	3.710767e+01	6.363153e+02
3.990000e-06	6.956626e-09	2.504053e-09	3.701837e+01	6.359532e+02
4.000000e-06	6.939360e-09	2.492691e-09	3.692649e+01	6.355974e+02
4.010000e-06	6.921538e-09	2.492535e-09	3.683165e+01	6.352473e+02
4.020000e-06	6.903251e-09	2.511013e-09	3.673434e+01	6.349006e+02
4.030000e-06	6.884520e-09	2.502867e-09	3.663467e+01	6.345530e+02
4.040000e-06	6.865276e-09	2.476118e-09	3.653226e+01	6.341986e+02
4.050000e-06	6.845555e-09	2.480436e-09	3.642732e+01	6.338305e+02
4.060000e-06	6.825467e-09	2.497392e-09	3.632043e+01	6.334405e+02
4.070000e-06	6.805003e-09	2.487129e-09	3.621153e+01	6.330206e+02
4.080000e-06	6.784038e-09	2.482621e-09	3.609997e+01	6.325627e+02
4.090000e-06	6.762457e-09	2.502392e-09	3.598513e+01	6.320596e+02
4.100000e-06	6.740166e-09	2.500255e-09	3.586652e+01	6.315053e+02
4.110000e-06	6.717141e-09	2.479610e-09	3.574399e+01	6.308952e+02
4.120000e-06	6.693527e-09	2.486812e-09	3.561833e+01	6.302267e+02
4.130000e-06	6.669515e-09	2.494468e-09	3.549056e+01	6.294990e+02
4.140000e-06	6.645175e-09	2.473203e-09	3.536104e+01	6.287132e+02
4.150000e-06	6.620464e-09	2.468813e-09	3.522954e+01	6.278719e+02
4.160000e-06	6.595302e-09	2.483236e-09	3.509565e+01	6.269794e+02
4.170000e-06	6.569647e-09	2.471697e-09	3.495913e+01	6.260406e+02
4.180000e-06	6.543509e-09	2.457906e-09	3.482004e+01	6.250613e+02
4.190000e-06	6.516877e-09	2.465802e-09	3.467833e+01	6.240473e+02
4.200000e-06	6.489733e-09	2.461309e-09	3.453388e+01	6.230041e+02
4.210000e-06	6.462132e-09	2.447265e-09	3.438701e+01	6.219365e+02
4.220000e-06	6.434171e-09	2.449620e-09	3.423822e+01	6.208487e+02
4.230000e-06	6.405912e-09	2.447297e-09	3.408784e+01	6.197433e+02
4.240000e-06	6.377327e-09	2.433664e-09	3.393573e+01	6.186222e+02
4.250000e-06	6.348266e-09	2.431688e-09	3.378109e+01	6.174858e+02
4.260000e-06	6.318549e-09	2.432218e-09	3.362296e+01	6.163338e+02
4.270000e-06	6.288102e-09	2.421922e-09	3.346094e+01	6.151650e+02
4.280000e-06	6.256990e-09	2.415569e-09	3.329539e+01	6.139775e+02
4.290000e-06	6.225359e-09	2.413594e-09	3.312707e+01	6.127693e+02
4.300000e-06	6.193343e-09	2.406709e-09	3.295670e+01	6.115384e+02
4.310000e-06	6.160981e-09	2.401313e-09	3.278449e+01	6.102829e+02
4.320000e-06	6.128227e-09	2.398194e-09	3.261020e+01	6.090014e+02
4.330000e-06	6.095037e-09	2.391340e-09	3.243358e+01	6.076930e+02
4.340000e-06	6.061411e-09	2.384307e-09	3.225465e+01	6.063574e+02
4.350000e-06	6.027370e-09	2.379238e-09	3.207350e+01	6.049948e+02
4.360000e-06	5.992921e-09	2.374232e-09	3.189019e+01	6.036059e+02
4.370000e-06	5.958043e-09	2.368949e-09	3.170459e+01	6.021916e+02
4.380000e-06	5.922729e-09	2.362487e-09	3.151668e+01	6.007532e+02
4.390000e-06	5.887048e-09	2.356430e-09	3.132681e+01	5.992917e+02
4.400000e-06	5.851088e-09	2.351545e-09	3.113545e+01	5.978081e+02
4.410000e-06	5.814875e-09	2.344865e-09	3.094275e+01	5.963032e+02
4.420000e-06	5.778356e-09	2.337222e-09	3.074842e+01	5.947771e+02
4.430000e-06	5.741388e-09	2.331385e-09	3.055170e+01	5.932296e+02
4.440000e-06	5.703815e-09	2.325201e-09	3.035176e+01	5.916603e+02
4.450000e-06	5.665567e-09	2.318351e-09	3.014824e+01	5.900681e+02
4.460000e-06	5.626668e-09	2.312352e-09	2.994124e+01	5.884516e+02
4.470000e-06	5.587226e-09	2.305680e-09	2.973136e+01	5.868094e+02
4.480000e-06	5.547390e-09	2.298001e-09	2.951938e+01	5.851398e+02
4.490000e-06	5.507256e-09	2.291151e-09	2.930581e+01	5.834415e+02
4.500000e-06	5.466833e-09	2.284455e-09	2.909071e+01	5.817131e+02
4.510000e-06	5.426067e-09	2.277425e-09	2.887378e+01	5.799535e+02
4.520000e-06	5.384903e-09	2.270210e-09	2.865473e+01	5.781620e+02
4.530000e-06	5.343348e-09	2.262274e-09	2.843361e+01	5.763381e+02
4.540000e-06	5.301454e-09	2.254215e-09	2.821068e+01	5.744818e+02
4.550000e-06	5.259252e-09	2.246746e-09	2.798610e+01	5.725934e+02
4.560000e-06	5.216703e-09	2.238916e-09	2.775969e+01	5.706734e+02
4.570000e-06	5.173761e-09	2.230844e-09	2.753118e+01	5.687224e+02
4.580000e-06	5.130441e-09	2.223299e-09	2.730066e+01	5.667412e+02
4.590000e-06	5.086796e-09	2.215618e-09	2.706841e+01	5.647308e+02
4.600000e-06	5.042865e-09	2.207168e-09	2.683464e+01	5.626921e+02
4.610000e-06	4.998672e-09	2.198610e-09	2.659947e+01	5.606258e+02
4.620000e-06	4.954211e-09	2.189987e-09	2.636288e+01	5.585329e+02
4.630000e-06	4.909440e-09	2.181042e-09	2.612464e+01	5.564142e+02
4.640000e-06	4.864314e-09	2.172275e-09	2.588451e+01	5.542704e+02
4.650000e-06	4.818803e-09	2.163720e-09	2.564234e+01	5.521023e+02
4.660000e-06	4.772910e-09	2.155013e-09	2.539813e+01	5.499106e+02
4.670000e-06	4.726665e-09	2.146315e-09	2.515204e+01	5.476961e+02
4.680000e-06	4.680121e-09	2.137950e-09	2.490436e+01	5.454594e+02
4.690000e-06	4.633310e-09	2.129415e-09	2.465527e+01	5.432011e+02
4.700000e-06	4.586230e-09	2.120686e-09	2.440474e+01	5.409216e+02
4.710000e-06	4.538846e-09	2.111744e-09	2.415259e+01	5.386213e+02
4.720000e-06	4.491102e-09	2.102192e-09	2.389853e+01	5.363001e+02
4.730000e-06	4.442947e-09	2.092415e-09	2.364229e+01	5.339579e+02
4.740000e-06	4.394360e-09	2.083089e-09	2.338374e+01	5.315940e+02
4.750000e-06	4.345353e-09	2.073890e-09	2.312296e+01	5.292073e+02
4.760000e-06	4.295947e-09	2.064360e-09	2.286006e+01	5.267966e+02
4.770000e-06	4.246176e-09	2.054790e-09	2.259521e+01	5.243600e+02
4.780000e-06	4.196073e-09	2.045294e-09	2.232860e+01	5.218957e+02
4.790000e-06	4.145660e-09	2.035591e-09	2.206033e+01	5.194015e+02
4.800000e-06	4.094937e-09	2.025785e-09	2.179042e+01	5.168750e+02
4.810000e-06	4.043905e-09	2.015874e-09	2.151887e+01	5.143142e+02
4.820000e-06	3.992575e-09	2.005611e-09	2.124572e+01	5.117171e+02
4.830000e-06	3.940957e-09	1.994847e-09	2.097105e+01	5.090820e+02
4.840000e-06	3.889067e-09	1.983957e-09	2.069492e+01	5.064079e+02
4.850000e-06	3.836904e-09	1.973285e-09	2.041735e+01	5.036939e+02
4.860000e-06	3.784454e-09	1.962367e-09	2.013825e+01	5.009398e+02
4.870000e-06	3.731680e-09	1.951114e-09	1.985742e+01	4.981458e+02
4.880000e-06	3.678541e-09	1.939989e-09	1.957465e+01	4.953127e+02
4.890000e-06	3.625012e-09	1.928745e-09	1.928981e+01	4.924412e+02
4.900000e-06	3.571081e-09	1.917103e-09	1.900283e+01	4.895325e+02
4.910000e-06	3.516743e-09	1.905276e-09	1.871368e+01	4.865874e+02
4.920000e-06	3.462013e-09	1.893509e-09	1.842245e+01	4.836068e+02
4.930000e-06	3.406927e-09	1.881778e-09	1.812932e+01	4.805911e+02
4.940000e-06	3.351534e-09	1.870035e-09	1.783456e+01	4.775400e+02
4.950000e-06	3.295891e-09	1.857974e-09	1.753846e+01	4.744530e+02
4.960000e-06	3.240048e-09	1.845439e-09	1.724130e+01	4.713288e+02
4.970000e-06	3.184038e-09	1.832590e-09	1.694326e+01	4.681655e+02
4.980000e-06	3.127876e-09	1.819382e-09	1.664440e+01	4.649607e+02
4.990000e-06	3.071558e-09	1.805781e-09	1.634471e+01	4.617116e+02
5.000000e-06	3.015064e-09	1.792561e-09	1.604409e+01	4.584153e+02
5.010000e-06	2.958379e-09	1.780010e-09	1.574245e+01	4.550687e+02
5.020000e-06	2.901492e-09	1.766999e-09	1.543974e+01	4.516688e+02
5.030000e-06	2.844399e-09	1.753050e-09	1.513593e+01	4.482127e+02
5.040000e-06	2.787109e-09	1.738579e-09	1.483107e+01	4.446982e+02
5.050000e-06	2.729624e-09	1.723901e-09	1.452517e+01	4.411231e+02
5.060000e-06	2.671946e-09	1.709163e-09	1.421825e+01	4.374859e+02
5.070000e-06	2.614081e-09	1.694828e-09	1.391033e+01	4.337854e+02
5.080000e-06	2.556038e-09	1.680415e-09	1.360147e+01	4.300207e+02
5.090000e-06	2.497818e-09	1.665480e-09	1.329166e+01	4.261912e+02
5.100000e-06	2.439416e-09	1.650319e-09	1.298089e+01	4.222963e+02
5.110000e-06	2.380837e-09	1.634759e-09	1.266916e+01	4.183352e+02
5.120000e-06	2.322073e-09	1.618600e-09	1.235647e+01	4.143072e+02
5.130000e-06	2.263122e-09	1.602113e-09	1.204277e+01	4.102110e+02
5.140000e-06	2.203991e-09	1.585429e-09	1.172811e+01	4.060452e+02
5.150000e-06	2.144686e-09	1.568796e-09	1.141253e+01	4.018080e+02
5.160000e-06	2.085222e-09	1.552389e-09	1.109611e+01	3.974970e+02
5.170000e-06	2.025623e-09	1.535737e-09	1.077896e+01	3.931101e+02
5.180000e-06	1.965910e-09	1.518368e-09	1.046121e+01	3.886445e+02
5.190000e-06	1.906102e-09	1.500094e-09	1.014295e+01	3.840980e+02
5.200000e-06	1.846208e-09	1.481332e-09	9.824231e+00	3.794682e+02
5.210000e-06	1.786235e-09	1.462699e-09	9.505094e+00	3.747531e+02
5.220000e-06	1.726184e-09	1.444177e-09	9.185541e+00	3.699514e+02
5.230000e-06	1.666059e-09	1.425376e-09	8.865598e+00	3.650617e+02
5.240000e-06	1.605864e-09	1.406121e-09	8.545278e+00	3.600835e+02
5.250000e-06	1.545596e-09	1.386385e-09	8.224573e+00	3.550164e+02
5.260000e-06	1.485252e-09	1.366484e-09	7.903461e+00	3.498602e+02
5.270000e-06	1.424824e-09	1.346444e-09	7.581905e+00	3.446147e+02
5.280000e-06	1.364307e-09	1.325696e-09	7.259875e+00	3.392794e+02
5.290000e-06	1.303698e-09	1.304247e-09	6.937351e+00	3.338531e+02
5.300000e-06	1.242993e-09	1.282316e-09	6.614325e+00	3.283341e+02
5.310000e-06	1.182197e-09	1.260231e-09	6.290811e+00	3.227193e+02
5.320000e-06	1.121317e-09	1.238318e-09	5.966847e+00	3.170048e+02
5.330000e-06	1.060363e-09	1.215988e-09	5.642497e+00	3.111852e+02
5.340000e-06	9.993408e-10	1.193128e-09	5.317778e+00	3.052540e+02
5.350000e-06	9.382470e-10	1.169938e-09	4.992680e+00	2.992035e+02
5.360000e-06	8.770810e-10	1.146230e-09	4.667199e+00	2.930254e+02
5.370000e-06	8.158353e-10	1.121953e-09	4.341294e+00	2.867105e+02
5.380000e-06	7.545015e-10	1.096667e-09	4.014919e+00	2.802496e+02
5.390000e-06	6.930826e-10	1.070139e-09	3.688093e+00	2.736335e+02
5.400000e-06	6.315826e-10	1.043233e-09	3.360835e+00	2.668540e+02
5.410000e-06	5.700042e-10	1.016140e-09	3.033159e+00	2.599034e+02
5.420000e-06	5.083599e-10	9.885034e-10	2.705134e+00	2.527758e+02
5.430000e-06	4.466535e-10	9.601029e-10	2.376778e+00	2.454668e+02
5.440000e-06	3.848931e-10	9.305764e-10	2.048134e+00	2.379737e+02
5.450000e-06	3.230961e-10	9.000082e-10	1.719296e+00	2.302957e+02
5.460000e-06	2.612740e-10	8.686296e-10	1.390324e+00	2.224340e+02
5.470000e-06	1.994392e-10	8.368770e-10	1.061285e+00	2.143916e+02
5.480000e-06	1.376078e-10	8.049152e-10	7.322633e-01	2.061728e+02
5.490000e-06	7.577840e-11	7.721549e-10	4.032524e-01	1.977834e+02
5.500000e-06	1.394320e-11	7.383802e-10	7.421067e-02	1.892301e+02
5.510000e-06	-4.789596e-11	7.041280e-10	-2.548521e-01	1.805205e+02
5.520000e-06	-1.097387e-10	6.696446e-10	-5.839339e-01	1.716623e+02
5.530000e-06	-1.715787e-10	6.347682e-10	-9.130009e-01	1.626639e+02
5.540000e-06	-2.334061e-10	5.993170e-10	-1.242001e+00	1.535333e+02
5.550000e-06	-2.952134e-10	5.633215e-10	-1.570895e+00	1.442787e+02
5.560000e-06	-3.569961e-10	5.267134e-10	-1.899657e+00	1.349078e+02
5.570000e-06	-4.187421e-10	4.895331e-10	-2.228224e+00	1.254287e+02
5.580000e-06	-4.804391e-10	4.520900e-10	-2.556530e+00	1.158488e+02
5.590000e-06	-5.420725e-10	4.142510e-10	-2.884498e+00	1.061760e+02
5.600000e-06	-6.036265e-10	3.759508e-10	-3.212044e+00	9.641797e+01
5.610000e-06	-6.650941e-10	3.376919e-10	-3.539130e+00	8.658256e+01
5.620000e-06	-7.264671e-10	2.996306e-10	-3.865712e+00	7.667782e+01
5.630000e-06	-7.877462e-10	2.611629e-10	-4.191795e+00	6.671200e+01
5.640000e-06	-8.489339e-10	2.220681e-10	-4.517393e+00	5.669344e+01
5.650000e-06	-9.100377e-10	1.825514e-10	-4.842543e+00	4.663053e+01
5.660000e-06	-9.710676e-10	1.427990e-10	-5.167301e+00	3.653158e+01
5.670000e-06	-1.032023e-09	1.028443e-10	-5.491664e+00	2.640463e+01
5.680000e-06	-1.092899e-09	6.294286e-11	-5.815602e+00	1.625729e+01
5.690000e-06	-1.153689e-09	2.327097e-11	-6.139084e+00	6.096615e+00
5.700000e-06	-1.214388e-09	-1.648772e-11	-6.462084e+00	-4.071101e+00
5.710000e-06	-1.274997e-09	-5.616834e-11	-6.784605e+00	-1.424035e+01
5.720000e-06	-1.335520e-09	-9.568239e-11	-7.106663e+00	-2.440646e+01
5.730000e-06	-1.395957e-09	-1.353273e-10	-7.428269e+00	-3.456557e+01
5.740000e-06	-1.456312e-09	-1.750766e-10	-7.749441e+00	-4.471449e+01
5.750000e-06	-1.516587e-09	-2.146789e-10	-8.070180e+00	-5.485058e+01
5.760000e-06	-1.576783e-09	-2.540155e-10	-8.390507e+00	-6.497150e+01
5.770000e-06	-1.636907e-09	-2.929934e-10	-8.710449e+00	-7.507497e+01
5.780000e-06	-1.696962e-09	-3.319654e-10	-9.030019e+00	-8.515854e+01
5.790000e-06	-1.756946e-09	-3.715559e-10	-9.349215e+00	-9.521933e+01
5.800000e-06	-1.816852e-09	-4.111224e-10	-9.667994e+00	-1.052539e+02
5.810000e-06	-1.876672e-09	-4.499370e-10	-9.986319e+00	-1.152579e+02
5.820000e-06	-1.936394e-09	-4.883991e-10	-1.030412e+01	-1.252265e+02
5.830000e-06	-1.995998e-09	-5.268157e-10	-1.062129e+01	-1.351537e+02
5.840000e-06	-2.055472e-09	-5.654691e-10	-1.093777e+01	-1.450331e+02
5.850000e-06	-2.114799e-09	-6.038916e-10	-1.125347e+01	-1.548576e+02
5.860000e-06	-2.173963e-09	-6.414181e-10	-1.156830e+01	-1.646198e+02
5.870000e-06	-2.232955e-09	-6.790282e-10	-1.188222e+01	-1.743124e+02
5.880000e-06	-2.291769e-09	-7.172330e-10	-1.219518e+01	-1.839280e+02
5.890000e-06	-2.350401e-09	-7.551957e-10	-1.250718e+01	-1.934599e+02
5.900000e-06	-2.408853e-09	-7.922024e-10	-1.281822e+01	-2.029018e+02
5.910000e-06	-2.467123e-09	-8.281823e-10	-1.312830e+01	-2.122482e+02
5.920000e-06	-2.525214e-09	-8.639902e-10	-1.343742e+01	-2.214944e+02
5.930000e-06	-2.583121e-09	-9.000602e-10	-1.374556e+01	-2.306367e+02
5.940000e-06	-2.640837e-09	-9.358111e-10	-1.405269e+01	-2.396719e+02
5.950000e-06	-2.698358e-09	-9.707525e-10	-1.435877e+01	-2.485972e+02
5.960000e-06	-2.755671e-09	-1.004922e-09	-1.466375e+01	-2.574105e+02
5.970000e-06	-2.812770e-09	-1.038822e-09	-1.496759e+01	-2.661095e+02
5.980000e-06	-2.869653e-09	-1.073243e-09	-1.527028e+01	-2.746918e+02
5.990000e-06	-2.926334e-09	-1.107650e-09	-1.557190e+01	-2.831549e+02
6.000000e-06	-2.982831e-09	-1.140644e-09	-1.587254e+01	-2.914955e+02
6.010000e-06	-3.039163e-09	-1.172124e-09	-1.617230e+01	-2.997099e+02
6.020000e-06	-3.095350e-09	-1.203427e-09	-1.647129e+01	-3.077938e+02
6.030000e-06	-3.151396e-09	-1.235223e-09	-1.676953e+01	-3.157423e+02
6.040000e-06	-3.207285e-09	-1.266383e-09	-1.706694e+01	-3.235502e+02
6.050000e-06	-3.262989e-09	-1.296148e-09	-1.736335e+01	-3.312119e+02
6.060000e-06	-3.318458e-09	-1.325388e-09	-1.765853e+01	-3.387224e+02
6.070000e-06	-3.373641e-09	-1.355016e-09	-1.795217e+01	-3.460765e+02
6.080000e-06	-3.428490e-09	-1.384613e-09	-1.824404e+01	-3.532702e+02
6.090000e-06	-3.482958e-09	-1.413112e-09	-1.853388e+01	-3.603001e+02
6.100000e-06	-3.537013e-09	-1.439702e-09	-1.882152e+01	-3.671639e+02
6.110000e-06	-3.590648e-09	-1.464824e-09	-1.910692e+01	-3.738608e+02
6.120000e-06	-3.643878e-09	-1.490091e-09	-1.939017e+01	-3.803912e+02
6.130000e-06	-3.696738e-09	-1.515707e-09	-1.967146e+01	-3.867567e+02
6.140000e-06	-3.749285e-09	-1.540619e-09	-1.995107e+01	-3.929600e+02
6.150000e-06	-3.801553e-09	-1.564578e-09	-2.022921e+01	-3.990049e+02
6.160000e-06	-3.853558e-09	-1.587459e-09	-2.050595e+01	-4.048957e+02
6.170000e-06	-3.905302e-09	-1.609794e-09	-2.078129e+01	-4.106372e+02
6.180000e-06	-3.956765e-09	-1.631786e-09	-2.105514e+01	-4.162343e+02
6.190000e-06	-4.007928e-09	-1.652523e-09	-2.132740e+01	-4.216914e+02
6.200000e-06	-4.058783e-09	-1.672445e-09	-2.159802e+01	-4.270130e+02
6.210000e-06	-4.109328e-09	-1.692595e-09	-2.186698e+01	-4.322026e+02
6.220000e-06	-4.159560e-09	-1.713342e-09	-2.213428e+01	-4.372631e+02
6.230000e-06	-4.209458e-09	-1.734038e-09	-2.239980e+01	-4.421968e+02
6.240000e-06	-4.258972e-09	-1.753612e-09	-2.266328e+01	-4.470051e+02
6.250000e-06	-4.308042e-09	-1.771682e-09	-2.292439e+01	-4.516890e+02
6.260000e-06	-4.356621e-09	-1.788778e-09	-2.318289e+01	-4.562491e+02
6.270000e-06	-4.404703e-09	-1.805688e-09	-2.343875e+01	-4.606859e+02
6.280000e-06	-4.452331e-09	-1.822583e-09	-2.369220e+01	-4.649998e+02
6.290000e-06	-4.499581e-09	-1.839840e-09	-2.394363e+01	-4.691917e+02
6.300000e-06	-4.546524e-09	-1.856810e-09	-2.419342e+01	-4.732628e+02
6.310000e-06	-4.593212e-09	-1.872493e-09	-2.444187e+01	-4.772152e+02
6.320000e-06	-4.639679e-09	-1.887437e-09	-2.468913e+01	-4.810513e+02
6.330000e-06	-4.685922e-09	-1.902312e-09	-2.493521e+01	-4.847747e+02
6.340000e-06	-4.731910e-09	-1.916746e-09	-2.517993e+01	-4.883893e+02
6.350000e-06	-4.777594e-09	-1.930642e-09	-2.542303e+01	-4.919000e+02
6.360000e-06	-4.822927e-09	-1.944690e-09	-2.566426e+01	-4.953120e+02
6.370000e-06	-4.867892e-09	-1.958463e-09	-2.590353e+01	-4.986309e+02
6.380000e-06	-4.912526e-09	-1.971448e-09	-2.614104e+01	-5.018623e+02
6.390000e-06	-4.956889e-09	-1.983592e-09	-2.637711e+01	-5.050120e+02
6.400000e-06	-5.001029e-09	-1.995073e-09	-2.661200e+01	-5.080854e+02
6.410000e-06	-5.044947e-09	-2.006623e-09	-2.684570e+01	-5.110876e+02
6.420000e-06	-5.088594e-09	-2.018527e-09	-2.707796e+01	-5.140233e+02
6.430000e-06	-5.131897e-09	-2.030455e-09	-2.730839e+01	-5.168967e+02
6.440000e-06	-5.174823e-09	-2.041877e-09	-2.753681e+01	-5.197115e+02
6.450000e-06	-5.217382e-09	-2.052456e-09	-2.776328e+01	-5.224709e+02
6.460000e-06	-5.259598e-09	-2.062152e-09	-2.798792e+01	-5.251775e+02
6.470000e-06	-5.301475e-09	-2.071141e-09	-2.821077e+01	-5.278338e+02
6.480000e-06	-5.342982e-09	-2.080331e-09	-2.843164e+01	-5.304420e+02
6.490000e-06	-5.384090e-09	-2.090357e-09	-2.865039e+01	-5.330038e+02
6.500000e-06	-5.424813e-09	-2.100666e-09	-2.886709e+01	-5.355212e+02
6.510000e-06	-5.465218e-09	-2.110777e-09	-2.908210e+01	-5.379960e+02
6.520000e-06	-5.505366e-09	-2.120521e-09	-2.929573e+01	-5.404298e+02
6.530000e-06	-5.545258e-09	-2.129721e-09	-2.950802e+01	-5.428245e+02
6.540000e-06	-5.584822e-09	-2.138255e-09	-2.971855e+01	-5.451817e+02
6.550000e-06	-5.623931e-09	-2.146304e-09	-2.992666e+01	-5.475033e+02
6.560000e-06	-5.662457e-09	-2.154236e-09	-3.013167e+01	-5.497909e+02
6.570000e-06	-5.700328e-09	-2.162341e-09	-3.033319e+01	-5.520459e+02
6.580000e-06	-5.737566e-09	-2.170817e-09	-3.053134e+01	-5.542697e+02
6.590000e-06	-5.774286e-09	-2.179612e-09	-3.072674e+01	-5.564633e+02
6.600000e-06	-5.810634e-09	-2.188317e-09	-3.092016e+01	-5.586276e+02
6.610000e-06	-5.846703e-09	-2.196432e-09	-3.111210e+01	-5.607630e+02
6.620000e-06	-5.882487e-09	-2.204193e-09	-3.130252e+01	-5.628698e+02
6.630000e-06	-5.917912e-09	-2.212258e-09	-3.149102e+01	-5.649480e+02
6.640000e-06	-5.952906e-09	-2.220140e-09	-3.167724e+01	-5.669972e+02
6.650000e-06	-5.987450e-09	-2.227354e-09	-3.186106e+01	-5.690172e+02
6.660000e-06	-6.021557e-09	-2.234488e-09	-3.204255e+01	-5.710073e+02
6.670000e-06	-6.055224e-09	-2.241861e-09	-3.222171e+01	-5.729669e+02
6.680000e-06	-6.088428e-09	-2.249382e-09	-3.239839e+01	-5.748954e+02
6.690000e-06	-6.121185e-09	-2.257083e-09	-3.257271e+01	-5.767922e+02
6.700000e-06	-6.153578e-09	-2.264884e-09	-3.274508e+01	-5.786570e+02
6.710000e-06	-6.185663e-09	-2.272339e-09	-3.291581e+01	-5.804894e+02
6.720000e-06	-6.217399e-09	-2.279284e-09	-3.308469e+01	-5.822892e+02
6.730000e-06	-6.248656e-09	-2.285734e-09	-3.325102e+01	-5.840565e+02
6.740000e-06	-6.279290e-09	-2.291461e-09	-3.341403e+01	-5.857915e+02
6.750000e-06	-6.309224e-09	-2.297178e-09	-3.357332e+01	-5.874945e+02
6.760000e-06	-6.338483e-09	-2.303609e-09	-3.372902e+01	-5.891658e+02
6.770000e-06	-6.367197e-09	-2.310395e-09	-3.388181e+01	-5.908062e+02
6.780000e-06	-6.395530e-09	-2.317191e-09	-3.403258e+01	-5.924161e+02
6.790000e-06	-6.423571e-09	-2.323659e-09	-3.418180e+01	-5.939962e+02
6.800000e-06	-6.451279e-09	-2.329434e-09	-3.432924e+01	-5.955471e+02
6.810000e-06	-6.478548e-09	-2.334893e-09	-3.447435e+01	-5.970694e+02
6.820000e-06	-6.505323e-09	-2.340470e-09	-3.461682e+01	-5.985636e+02
6.830000e-06	-6.531610e-09	-2.345964e-09	-3.475671e+01	-6.000302e+02
6.840000e-06	-6.557414e-09	-2.351488e-09	-3.489402e+01	-6.014695e+02
6.850000e-06	-6.582712e-09	-2.357128e-09	-3.502864e+01	-6.028818e+02
6.860000e-06	-6.607524e-09	-2.362842e-09	-3.516067e+01	-6.042670e+02
6.870000e-06	-6.631955e-09	-2.368777e-09	-3.529067e+01	-6.056253e+02
6.880000e-06	-6.656101e-09	-2.374483e-09	-3.541916e+01	-6.069563e+02
6.890000e-06	-6.679939e-09	-2.379356e-09	-3.554601e+01	-6.082599e+02
6.900000e-06	-6.703319e-09	-2.383763e-09	-3.567043e+01	-6.095358e+02
6.910000e-06	-6.726062e-09	-2.388480e-09	-3.579145e+01	-6.107834e+02
6.920000e-06	-6.748056e-09	-2.393276e-09	-3.590848e+01	-6.120025e+02
6.930000e-06	-6.769316e-09	-2.397942e-09	-3.602161e+01	-6.131925e+02
6.940000e-06	-6.789998e-09	-2.402530e-09	-3.613167e+01	-6.143531e+02
6.950000e-06	-6.810288e-09	-2.407035e-09	-3.623964e+01	-6.154840e+02
6.960000e-06	-6.830260e-09	-2.411524e-09	-3.634592e+01	-6.165851e+02
6.970000e-06	-6.849843e-09	-2.415831e-09	-3.645012e+01	-6.176562e+02
6.980000e-06	-6.868937e-09	-2.419916e-09	-3.655173e+01	-6.186976e+02
6.990000e-06	-6.887537e-09	-2.423914e-09	-3.665071e+01	-6.197095e+02
7.000000e-06	-6.905694e-09	-2.427919e-09	-3.674733e+01	-6.206923e+02
7.010000e-06	-6.923393e-09	-2.431895e-09	-3.684151e+01	-6.216464e+02
7.020000e-06	-6.940592e-09	-2.435904e-09	-3.693303e+01	-6.225725e+02
7.030000e-06	-6.957319e-09	-2.439634e-09	-3.702204e+01	-6.234710e+02
7.040000e-06	-6.973673e-09	-2.442914e-09	-3.710907e+01	-6.243426e+02
7.050000e-06	-6.989702e-09	-2.446248e-09	-3.719436e+01	-6.251874e+02
7.060000e-06	-7.005272e-09	-2.449962e-09	-3.727721e+01	-6.260060e+02
7.070000e-06	-7.020131e-09	-2.453659e-09	-3.735629e+01	-6.267983e+02
7.080000e-06	-7.034131e-09	-2.456854e-09	-3.743078e+01	-6.275643e+02
7.090000e-06	-7.047343e-09	-2.459829e-09	-3.750109e+01	-6.283040e+02
7.100000e-06	-7.059953e-09	-2.462588e-09	-3.756819e+01	-6.290169e+02
7.110000e-06	-7.072084e-09	-2.464960e-09	-3.763275e+01	-6.297028e+02
7.120000e-06	-7.083731e-09	-2.467455e-09	-3.769472e+01	-6.303614e+02
7.130000e-06	-7.094841e-09	-2.470455e-09	-3.775384e+01	-6.309924e+02
7.140000e-06	-7.105434e-09	-2.473675e-09	-3.781021e+01	-6.315960e+02
7.150000e-06	-7.115566e-09	-2.476759e-09	-3.786412e+01	-6.321723e+02
7.160000e-06	-7.125222e-09	-2.479543e-09	-3.791551e+01	-6.327219e+02
7.170000e-06	-7.134351e-09	-2.481914e-09	-3.796408e+01	-6.332456e+02
7.180000e-06	-7.142996e-09	-2.483870e-09	-3.801009e+01	-6.337446e+02
7.190000e-06	-7.151281e-09	-2.485826e-09	-3.805418e+01	-6.342202e+02
7.200000e-06	-7.159244e-09	-2.488022e-09	-3.809655e+01	-6.346741e+02
7.210000e-06	-7.166758e-09	-2.490062e-09	-3.813653e+01	-6.351078e+02
7.220000e-06	-7.173619e-09	-2.492134e-09	-3.817305e+01	-6.355227e+02
7.230000e-06	-7.179693e-09	-2.494402e-09	-3.820537e+01	-6.359202e+02
7.240000e-06	-7.184993e-09	-2.496076e-09	-3.823357e+01	-6.363010e+02
7.250000e-06	-7.189686e-09	-2.497371e-09	-3.825854e+01	-6.366656e+02
7.260000e-06	-7.193970e-09	-2.499112e-09	-3.828134e+01	-6.370137e+02
7.270000e-06	-7.197919e-09	-2.501025e-09	-3.830235e+01	-6.373446e+02
7.280000e-06	-7.201449e-09	-2.502809e-09	-3.832114e+01	-6.376570e+02
7.290000e-06	-7.204467e-09	-2.504347e-09	-3.833720e+01	-6.379491e+02
7.300000e-06	-7.206997e-09	-2.505655e-09	-3.835066e+01	-6.382186e+02
7.310000e-06	-7.209102e-09	-2.506713e-09	-3.836186e+01	-6.384633e+02
7.320000e-06	-7.210697e-09	-2.507458e-09	-3.837035e+01	-6.386811e+02
7.330000e-06	-7.211697e-09	-2.508211e-09	-3.837567e+01	-6.388700e+02
7.340000e-06	-7.212249e-09	-2.509248e-09	-3.837861e+01	-6.390285e+02
