# Temperatura_=_-0.5269503546099303
# Concentracion g/m^3_=_11700.0
# C_Vs_to_Am_M_A/Vsm_=_254322799225.57578
# pendiente_HvsI_1/m_=_3716.3
# ordenada_HvsI_A/m_=_1297.0
# frecuencia_Hz_=_136189.26567044322
# Promedio de 846 ciclos

Tiempo_(s)	Campo_(V.s)	Magnetizacion_(V.s)	Campo_(kA/m)	Magnetizacion_(A/m)
0.000000e+00	-7.184052e-09	-2.213867e-09	-3.838243e+01	-5.617730e+02
1.000000e-08	-7.184151e-09	-2.213926e-09	-3.838296e+01	-5.618667e+02
2.000000e-08	-7.183904e-09	-2.214004e-09	-3.838164e+01	-5.619506e+02
3.000000e-08	-7.183167e-09	-2.215068e-09	-3.837770e+01	-5.620230e+02
4.000000e-08	-7.181755e-09	-2.215866e-09	-3.837016e+01	-5.620813e+02
5.000000e-08	-7.179566e-09	-2.215415e-09	-3.835846e+01	-5.621226e+02
6.000000e-08	-7.176658e-09	-2.214071e-09	-3.834293e+01	-5.621442e+02
7.000000e-08	-7.173200e-09	-2.211564e-09	-3.832446e+01	-5.621433e+02
8.000000e-08	-7.169304e-09	-2.208134e-09	-3.830364e+01	-5.621180e+02
9.000000e-08	-7.164857e-09	-2.215369e-09	-3.827988e+01	-5.620671e+02
1.000000e-07	-7.159666e-09	-2.235549e-09	-3.825215e+01	-5.619904e+02
1.100000e-07	-7.153816e-09	-2.229419e-09	-3.822089e+01	-5.618889e+02
1.200000e-07	-7.147661e-09	-2.188441e-09	-3.818800e+01	-5.617646e+02
1.300000e-07	-7.141309e-09	-2.189208e-09	-3.815407e+01	-5.616207e+02
1.400000e-07	-7.134493e-09	-2.243593e-09	-3.811765e+01	-5.614611e+02
1.500000e-07	-7.127079e-09	-2.244450e-09	-3.807804e+01	-5.612903e+02
1.600000e-07	-7.119257e-09	-2.179744e-09	-3.803625e+01	-5.611130e+02
1.700000e-07	-7.111094e-09	-2.177175e-09	-3.799264e+01	-5.609338e+02
1.800000e-07	-7.102333e-09	-2.241887e-09	-3.794583e+01	-5.607567e+02
1.900000e-07	-7.092805e-09	-2.235512e-09	-3.789493e+01	-5.605851e+02
2.000000e-07	-7.082682e-09	-2.166654e-09	-3.784084e+01	-5.604211e+02
2.100000e-07	-7.072102e-09	-2.177386e-09	-3.778432e+01	-5.602659e+02
2.200000e-07	-7.060912e-09	-2.239598e-09	-3.772453e+01	-5.601192e+02
2.300000e-07	-7.049047e-09	-2.213570e-09	-3.766114e+01	-5.599800e+02
2.400000e-07	-7.036665e-09	-2.156253e-09	-3.759499e+01	-5.598458e+02
2.500000e-07	-7.023758e-09	-2.194566e-09	-3.752603e+01	-5.597139e+02
2.600000e-07	-7.010180e-09	-2.238476e-09	-3.745349e+01	-5.595809e+02
2.700000e-07	-6.995956e-09	-2.191713e-09	-3.737750e+01	-5.594434e+02
2.800000e-07	-6.981099e-09	-2.172179e-09	-3.729812e+01	-5.592982e+02
2.900000e-07	-6.965460e-09	-2.222087e-09	-3.721457e+01	-5.591426e+02
3.000000e-07	-6.949077e-09	-2.211012e-09	-3.712703e+01	-5.589747e+02
3.100000e-07	-6.932215e-09	-2.162564e-09	-3.703694e+01	-5.587932e+02
3.200000e-07	-6.914997e-09	-2.197283e-09	-3.694495e+01	-5.585978e+02
3.300000e-07	-6.897377e-09	-2.228158e-09	-3.685082e+01	-5.583887e+02
3.400000e-07	-6.879353e-09	-2.175300e-09	-3.675452e+01	-5.581668e+02
3.500000e-07	-6.860888e-09	-2.166146e-09	-3.665586e+01	-5.579331e+02
3.600000e-07	-6.841894e-09	-2.221977e-09	-3.655438e+01	-5.576886e+02
3.700000e-07	-6.822410e-09	-2.205023e-09	-3.645028e+01	-5.574340e+02
3.800000e-07	-6.802562e-09	-2.156060e-09	-3.634424e+01	-5.571693e+02
3.900000e-07	-6.782352e-09	-2.189671e-09	-3.623626e+01	-5.568938e+02
4.000000e-07	-6.761671e-09	-2.215749e-09	-3.612577e+01	-5.566056e+02
4.100000e-07	-6.740482e-09	-2.171201e-09	-3.601257e+01	-5.563022e+02
4.200000e-07	-6.718814e-09	-2.165927e-09	-3.589680e+01	-5.559796e+02
4.300000e-07	-6.696672e-09	-2.199389e-09	-3.577850e+01	-5.556336e+02
4.400000e-07	-6.674067e-09	-2.179842e-09	-3.565773e+01	-5.552593e+02
4.500000e-07	-6.651011e-09	-2.160983e-09	-3.553455e+01	-5.548516e+02
4.600000e-07	-6.627530e-09	-2.186479e-09	-3.540910e+01	-5.544058e+02
4.700000e-07	-6.603707e-09	-2.181525e-09	-3.528182e+01	-5.539177e+02
4.800000e-07	-6.579547e-09	-2.155229e-09	-3.515274e+01	-5.533840e+02
4.900000e-07	-6.554884e-09	-2.168612e-09	-3.502097e+01	-5.528029e+02
5.000000e-07	-6.529545e-09	-2.176388e-09	-3.488559e+01	-5.521736e+02
5.100000e-07	-6.503468e-09	-2.155023e-09	-3.474627e+01	-5.514970e+02
5.200000e-07	-6.476697e-09	-2.156003e-09	-3.460324e+01	-5.507754e+02
5.300000e-07	-6.449365e-09	-2.166177e-09	-3.445721e+01	-5.500121e+02
5.400000e-07	-6.421634e-09	-2.152750e-09	-3.430905e+01	-5.492117e+02
5.500000e-07	-6.393576e-09	-2.146543e-09	-3.415914e+01	-5.483790e+02
5.600000e-07	-6.365147e-09	-2.152216e-09	-3.400726e+01	-5.475194e+02
5.700000e-07	-6.336275e-09	-2.145472e-09	-3.385300e+01	-5.466379e+02
5.800000e-07	-6.306957e-09	-2.140255e-09	-3.369636e+01	-5.457392e+02
5.900000e-07	-6.277236e-09	-2.141431e-09	-3.353757e+01	-5.448269e+02
6.000000e-07	-6.247120e-09	-2.134068e-09	-3.337667e+01	-5.439037e+02
6.100000e-07	-6.216561e-09	-2.129604e-09	-3.321340e+01	-5.429712e+02
6.200000e-07	-6.185540e-09	-2.130936e-09	-3.304767e+01	-5.420298e+02
6.300000e-07	-6.154128e-09	-2.124203e-09	-3.287984e+01	-5.410786e+02
6.400000e-07	-6.122409e-09	-2.118580e-09	-3.271037e+01	-5.401163e+02
6.500000e-07	-6.090393e-09	-2.119296e-09	-3.253932e+01	-5.391406e+02
6.600000e-07	-6.057988e-09	-2.114943e-09	-3.236619e+01	-5.381488e+02
6.700000e-07	-6.025030e-09	-2.109552e-09	-3.219011e+01	-5.371386e+02
6.800000e-07	-5.991378e-09	-2.106987e-09	-3.201031e+01	-5.361076e+02
6.900000e-07	-5.957020e-09	-2.099962e-09	-3.182675e+01	-5.350541e+02
7.000000e-07	-5.922065e-09	-2.094379e-09	-3.164000e+01	-5.339769e+02
7.100000e-07	-5.886661e-09	-2.094601e-09	-3.145084e+01	-5.328757e+02
7.200000e-07	-5.850940e-09	-2.090643e-09	-3.125999e+01	-5.317509e+02
7.300000e-07	-5.814956e-09	-2.083070e-09	-3.106774e+01	-5.306035e+02
7.400000e-07	-5.778668e-09	-2.079320e-09	-3.087386e+01	-5.294351e+02
7.500000e-07	-5.741999e-09	-2.075689e-09	-3.067795e+01	-5.282474e+02
7.600000e-07	-5.704905e-09	-2.070389e-09	-3.047977e+01	-5.270422e+02
7.700000e-07	-5.667375e-09	-2.065950e-09	-3.027926e+01	-5.258211e+02
7.800000e-07	-5.629410e-09	-2.061049e-09	-3.007642e+01	-5.245853e+02
7.900000e-07	-5.591015e-09	-2.055806e-09	-2.987128e+01	-5.233354e+02
8.000000e-07	-5.552196e-09	-2.051784e-09	-2.966388e+01	-5.220710e+02
8.100000e-07	-5.512983e-09	-2.047510e-09	-2.945438e+01	-5.207915e+02
8.200000e-07	-5.473441e-09	-2.042072e-09	-2.924312e+01	-5.194953e+02
8.300000e-07	-5.433638e-09	-2.035862e-09	-2.903046e+01	-5.181803e+02
8.400000e-07	-5.393584e-09	-2.030001e-09	-2.881646e+01	-5.168441e+02
8.500000e-07	-5.353218e-09	-2.025906e-09	-2.860080e+01	-5.154842e+02
8.600000e-07	-5.312431e-09	-2.022187e-09	-2.838289e+01	-5.140983e+02
8.700000e-07	-5.271106e-09	-2.016433e-09	-2.816210e+01	-5.126843e+02
8.800000e-07	-5.229171e-09	-2.009811e-09	-2.793805e+01	-5.112406e+02
8.900000e-07	-5.186659e-09	-2.003657e-09	-2.771092e+01	-5.097663e+02
9.000000e-07	-5.143673e-09	-1.997473e-09	-2.748126e+01	-5.082612e+02
9.100000e-07	-5.100300e-09	-1.991774e-09	-2.724953e+01	-5.067259e+02
9.200000e-07	-5.056591e-09	-1.985901e-09	-2.701601e+01	-5.051616e+02
9.300000e-07	-5.012586e-09	-1.978776e-09	-2.678090e+01	-5.035698e+02
9.400000e-07	-4.968295e-09	-1.972356e-09	-2.654426e+01	-5.019527e+02
9.500000e-07	-4.923687e-09	-1.967528e-09	-2.630594e+01	-5.003123e+02
9.600000e-07	-4.878731e-09	-1.961705e-09	-2.606575e+01	-4.986505e+02
9.700000e-07	-4.833416e-09	-1.954144e-09	-2.582364e+01	-4.969691e+02
9.800000e-07	-4.787746e-09	-1.946957e-09	-2.557964e+01	-4.952694e+02
9.900000e-07	-4.741735e-09	-1.940526e-09	-2.533382e+01	-4.935518e+02
1.000000e-06	-4.695403e-09	-1.934071e-09	-2.508628e+01	-4.918164e+02
1.010000e-06	-4.648749e-09	-1.927670e-09	-2.483702e+01	-4.900625e+02
1.020000e-06	-4.601762e-09	-1.920412e-09	-2.458598e+01	-4.882890e+02
1.030000e-06	-4.554468e-09	-1.911968e-09	-2.433330e+01	-4.864942e+02
1.040000e-06	-4.506898e-09	-1.904496e-09	-2.407915e+01	-4.846762e+02
1.050000e-06	-4.459069e-09	-1.898706e-09	-2.382361e+01	-4.828329e+02
1.060000e-06	-4.410971e-09	-1.892265e-09	-2.356663e+01	-4.809624e+02
1.070000e-06	-4.362566e-09	-1.883917e-09	-2.330802e+01	-4.790628e+02
1.080000e-06	-4.313792e-09	-1.875340e-09	-2.304743e+01	-4.771328e+02
1.090000e-06	-4.264575e-09	-1.868023e-09	-2.278448e+01	-4.751715e+02
1.100000e-06	-4.214860e-09	-1.861017e-09	-2.251887e+01	-4.731782e+02
1.110000e-06	-4.164636e-09	-1.853411e-09	-2.225054e+01	-4.711529e+02
1.120000e-06	-4.113957e-09	-1.845019e-09	-2.197977e+01	-4.690960e+02
1.130000e-06	-4.062896e-09	-1.836291e-09	-2.170697e+01	-4.670079e+02
1.140000e-06	-4.011513e-09	-1.827918e-09	-2.143244e+01	-4.648894e+02
1.150000e-06	-3.959846e-09	-1.819990e-09	-2.115640e+01	-4.627414e+02
1.160000e-06	-3.907912e-09	-1.811621e-09	-2.087893e+01	-4.605644e+02
1.170000e-06	-3.855711e-09	-1.802270e-09	-2.060004e+01	-4.583591e+02
1.180000e-06	-3.803230e-09	-1.792941e-09	-2.031964e+01	-4.561255e+02
1.190000e-06	-3.750440e-09	-1.784581e-09	-2.003760e+01	-4.538637e+02
1.200000e-06	-3.697338e-09	-1.776445e-09	-1.975390e+01	-4.515732e+02
1.210000e-06	-3.643948e-09	-1.767328e-09	-1.946865e+01	-4.492534e+02
1.220000e-06	-3.590302e-09	-1.757417e-09	-1.918203e+01	-4.469034e+02
1.230000e-06	-3.536421e-09	-1.747611e-09	-1.889416e+01	-4.445222e+02
1.240000e-06	-3.482312e-09	-1.738192e-09	-1.860507e+01	-4.421087e+02
1.250000e-06	-3.427962e-09	-1.728837e-09	-1.831469e+01	-4.396618e+02
1.260000e-06	-3.373369e-09	-1.719320e-09	-1.802301e+01	-4.371807e+02
1.270000e-06	-3.318539e-09	-1.709269e-09	-1.773007e+01	-4.346646e+02
1.280000e-06	-3.263477e-09	-1.698655e-09	-1.743589e+01	-4.321128e+02
1.290000e-06	-3.208195e-09	-1.688204e-09	-1.714054e+01	-4.295248e+02
1.300000e-06	-3.152714e-09	-1.678030e-09	-1.684411e+01	-4.269001e+02
1.310000e-06	-3.097066e-09	-1.667510e-09	-1.654680e+01	-4.242384e+02
1.320000e-06	-3.041278e-09	-1.656829e-09	-1.624874e+01	-4.215392e+02
1.330000e-06	-2.985356e-09	-1.645960e-09	-1.594996e+01	-4.188018e+02
1.340000e-06	-2.929293e-09	-1.634833e-09	-1.565044e+01	-4.160254e+02
1.350000e-06	-2.873070e-09	-1.624035e-09	-1.535005e+01	-4.132088e+02
1.360000e-06	-2.816665e-09	-1.612958e-09	-1.504869e+01	-4.103506e+02
1.370000e-06	-2.760060e-09	-1.600858e-09	-1.474627e+01	-4.074490e+02
1.380000e-06	-2.703231e-09	-1.588584e-09	-1.444265e+01	-4.045019e+02
1.390000e-06	-2.646152e-09	-1.576684e-09	-1.413769e+01	-4.015069e+02
1.400000e-06	-2.588800e-09	-1.564761e-09	-1.383127e+01	-3.984617e+02
1.410000e-06	-2.531153e-09	-1.552612e-09	-1.352329e+01	-3.953635e+02
1.420000e-06	-2.473214e-09	-1.540395e-09	-1.321373e+01	-3.922098e+02
1.430000e-06	-2.414988e-09	-1.527975e-09	-1.290265e+01	-3.889980e+02
1.440000e-06	-2.356484e-09	-1.515009e-09	-1.259008e+01	-3.857259e+02
1.450000e-06	-2.297716e-09	-1.501574e-09	-1.227610e+01	-3.823912e+02
1.460000e-06	-2.238704e-09	-1.487889e-09	-1.196082e+01	-3.789919e+02
1.470000e-06	-2.179473e-09	-1.474014e-09	-1.164437e+01	-3.755261e+02
1.480000e-06	-2.120061e-09	-1.460380e-09	-1.132694e+01	-3.719922e+02
1.490000e-06	-2.060501e-09	-1.446964e-09	-1.100873e+01	-3.683885e+02
1.500000e-06	-2.000824e-09	-1.432910e-09	-1.068989e+01	-3.647132e+02
1.510000e-06	-1.941054e-09	-1.418031e-09	-1.037055e+01	-3.609646e+02
1.520000e-06	-1.881206e-09	-1.402764e-09	-1.005080e+01	-3.571405e+02
1.530000e-06	-1.821289e-09	-1.387524e-09	-9.730679e+00	-3.532388e+02
1.540000e-06	-1.761304e-09	-1.372228e-09	-9.410191e+00	-3.492568e+02
1.550000e-06	-1.701248e-09	-1.356667e-09	-9.089328e+00	-3.451917e+02
1.560000e-06	-1.641114e-09	-1.340697e-09	-8.768050e+00	-3.410404e+02
1.570000e-06	-1.580897e-09	-1.324154e-09	-8.446323e+00	-3.367997e+02
1.580000e-06	-1.520589e-09	-1.307174e-09	-8.124114e+00	-3.324662e+02
1.590000e-06	-1.460182e-09	-1.289767e-09	-7.801377e+00	-3.280364e+02
1.600000e-06	-1.399669e-09	-1.271698e-09	-7.478074e+00	-3.235072e+02
1.610000e-06	-1.339050e-09	-1.252892e-09	-7.154199e+00	-3.188752e+02
1.620000e-06	-1.278324e-09	-1.234124e-09	-6.829759e+00	-3.141375e+02
1.630000e-06	-1.217497e-09	-1.215583e-09	-6.504775e+00	-3.092914e+02
1.640000e-06	-1.156579e-09	-1.196189e-09	-6.179307e+00	-3.043344e+02
1.650000e-06	-1.095583e-09	-1.175764e-09	-5.853422e+00	-2.992639e+02
1.660000e-06	-1.034524e-09	-1.154793e-09	-5.527204e+00	-2.940776e+02
1.670000e-06	-9.734105e-10	-1.133236e-09	-5.200690e+00	-2.887731e+02
1.680000e-06	-9.122389e-10	-1.111359e-09	-4.873867e+00	-2.833474e+02
1.690000e-06	-8.510097e-10	-1.089805e-09	-4.546736e+00	-2.777975e+02
1.700000e-06	-7.897253e-10	-1.068077e-09	-4.219310e+00	-2.721198e+02
1.710000e-06	-7.283798e-10	-1.045417e-09	-3.891558e+00	-2.663098e+02
1.720000e-06	-6.669703e-10	-1.022120e-09	-3.563464e+00	-2.603626e+02
1.730000e-06	-6.055050e-10	-9.981257e-10	-3.235072e+00	-2.542727e+02
1.740000e-06	-5.439876e-10	-9.731124e-10	-2.906401e+00	-2.480339e+02
1.750000e-06	-4.824197e-10	-9.474097e-10	-2.577460e+00	-2.416396e+02
1.760000e-06	-4.208082e-10	-9.212956e-10	-2.248287e+00	-2.350831e+02
1.770000e-06	-3.591639e-10	-8.945854e-10	-1.918938e+00	-2.283580e+02
1.780000e-06	-2.974970e-10	-8.673875e-10	-1.589468e+00	-2.214579e+02
1.790000e-06	-2.358207e-10	-8.401229e-10	-1.259948e+00	-2.143777e+02
1.800000e-06	-1.741449e-10	-8.122129e-10	-9.304310e-01	-2.071131e+02
1.810000e-06	-1.124712e-10	-7.831109e-10	-6.009250e-01	-1.996613e+02
1.820000e-06	-5.079588e-11	-7.531600e-10	-2.714105e-01	-1.920214e+02
1.830000e-06	1.087868e-11	-7.223557e-10	5.810005e-02	-1.841943e+02
1.840000e-06	7.255148e-11	-6.907589e-10	3.876012e-01	-1.761828e+02
1.850000e-06	1.342275e-10	-6.586548e-10	7.171195e-01	-1.679919e+02
1.860000e-06	1.959117e-10	-6.259404e-10	1.046681e+00	-1.596286e+02
1.870000e-06	2.575982e-10	-5.922785e-10	1.376256e+00	-1.511015e+02
1.880000e-06	3.192728e-10	-5.577599e-10	1.705767e+00	-1.424211e+02
1.890000e-06	3.809292e-10	-5.230215e-10	2.035180e+00	-1.335988e+02
1.900000e-06	4.425578e-10	-4.881141e-10	2.364445e+00	-1.246471e+02
1.910000e-06	5.041494e-10	-4.524581e-10	2.693512e+00	-1.155790e+02
1.920000e-06	5.656978e-10	-4.159187e-10	3.022349e+00	-1.064075e+02
1.930000e-06	6.271907e-10	-3.788524e-10	3.350889e+00	-9.714545e+01
1.940000e-06	6.886166e-10	-3.414960e-10	3.679071e+00	-8.780528e+01
1.950000e-06	7.499708e-10	-3.041265e-10	4.006869e+00	-7.839847e+01
1.960000e-06	8.112555e-10	-2.668921e-10	4.334297e+00	-6.893557e+01
1.970000e-06	8.724692e-10	-2.293214e-10	4.661345e+00	-5.942600e+01
1.980000e-06	9.336181e-10	-1.912382e-10	4.988047e+00	-4.987805e+01
1.990000e-06	9.947066e-10	-1.534039e-10	5.314425e+00	-4.029889e+01
2.000000e-06	1.055728e-09	-1.156387e-10	5.640444e+00	-3.069463e+01
2.010000e-06	1.116677e-09	-7.702253e-11	5.966078e+00	-2.107052e+01
2.020000e-06	1.177547e-09	-3.786409e-11	6.291291e+00	-1.143106e+01
2.030000e-06	1.238333e-09	9.329324e-13	6.616055e+00	-1.780245e+00
2.040000e-06	1.299030e-09	3.917213e-11	6.940342e+00	7.878266e+00
2.050000e-06	1.359631e-09	7.731427e-11	7.264114e+00	1.754093e+01
2.060000e-06	1.420130e-09	1.155009e-10	7.587344e+00	2.720415e+01
2.070000e-06	1.480526e-09	1.536282e-10	7.910028e+00	3.686413e+01
2.080000e-06	1.540825e-09	1.919866e-10	8.232186e+00	4.651672e+01
2.090000e-06	1.601028e-09	2.304987e-10	8.553835e+00	5.615737e+01
2.100000e-06	1.661143e-09	2.685994e-10	8.875019e+00	6.578109e+01
2.110000e-06	1.721182e-09	3.065768e-10	9.195791e+00	7.538238e+01
2.120000e-06	1.781151e-09	3.447841e-10	9.516192e+00	8.495530e+01
2.130000e-06	1.841052e-09	3.827756e-10	9.836223e+00	9.449351e+01
2.140000e-06	1.900881e-09	4.204708e-10	1.015588e+01	1.039903e+02
2.150000e-06	1.960638e-09	4.581137e-10	1.047514e+01	1.134388e+02
2.160000e-06	2.020311e-09	4.957149e-10	1.079396e+01	1.228319e+02
2.170000e-06	2.079877e-09	5.328797e-10	1.111221e+01	1.321625e+02
2.180000e-06	2.139316e-09	5.691932e-10	1.142977e+01	1.414235e+02
2.190000e-06	2.198600e-09	6.047152e-10	1.174651e+01	1.506080e+02
2.200000e-06	2.257699e-09	6.402210e-10	1.206226e+01	1.597092e+02
2.210000e-06	2.316580e-09	6.758139e-10	1.237685e+01	1.687209e+02
2.220000e-06	2.375205e-09	7.106215e-10	1.269006e+01	1.776371e+02
2.230000e-06	2.433546e-09	7.448743e-10	1.300176e+01	1.864520e+02
2.240000e-06	2.491584e-09	7.791667e-10	1.331184e+01	1.951607e+02
2.250000e-06	2.549318e-09	8.128967e-10	1.362030e+01	2.037584e+02
2.260000e-06	2.606757e-09	8.457764e-10	1.392717e+01	2.122408e+02
2.270000e-06	2.663908e-09	8.783690e-10	1.423251e+01	2.206042e+02
2.280000e-06	2.720794e-09	9.106719e-10	1.453644e+01	2.288451e+02
2.290000e-06	2.777438e-09	9.422940e-10	1.483907e+01	2.369605e+02
2.300000e-06	2.833861e-09	9.735979e-10	1.514052e+01	2.449475e+02
2.310000e-06	2.890089e-09	1.004854e-09	1.544094e+01	2.528038e+02
2.320000e-06	2.946151e-09	1.035005e-09	1.574046e+01	2.605270e+02
2.330000e-06	3.002065e-09	1.063834e-09	1.603920e+01	2.681150e+02
2.340000e-06	3.057831e-09	1.092168e-09	1.633714e+01	2.755661e+02
2.350000e-06	3.113444e-09	1.120441e-09	1.663427e+01	2.828785e+02
2.360000e-06	3.168879e-09	1.148600e-09	1.693044e+01	2.900505e+02
2.370000e-06	3.224114e-09	1.176249e-09	1.722555e+01	2.970809e+02
2.380000e-06	3.279129e-09	1.203041e-09	1.751948e+01	3.039685e+02
2.390000e-06	3.333916e-09	1.229007e-09	1.781219e+01	3.107120e+02
2.400000e-06	3.388474e-09	1.254627e-09	1.810368e+01	3.173109e+02
2.410000e-06	3.442806e-09	1.279901e-09	1.839396e+01	3.237644e+02
2.420000e-06	3.496915e-09	1.304433e-09	1.868305e+01	3.300721e+02
2.430000e-06	3.550802e-09	1.328110e-09	1.897095e+01	3.362340e+02
2.440000e-06	3.604451e-09	1.351351e-09	1.925759e+01	3.422499e+02
2.450000e-06	3.657838e-09	1.374879e-09	1.954282e+01	3.481202e+02
2.460000e-06	3.710942e-09	1.398175e-09	1.982654e+01	3.538451e+02
2.470000e-06	3.763744e-09	1.420194e-09	2.010864e+01	3.594251e+02
2.480000e-06	3.816242e-09	1.441271e-09	2.038913e+01	3.648607e+02
2.490000e-06	3.868448e-09	1.461878e-09	2.066805e+01	3.701523e+02
2.500000e-06	3.920372e-09	1.482123e-09	2.094546e+01	3.753005e+02
2.510000e-06	3.972006e-09	1.501930e-09	2.122133e+01	3.803059e+02
2.520000e-06	4.023318e-09	1.520827e-09	2.149548e+01	3.851691e+02
2.530000e-06	4.074260e-09	1.538777e-09	2.176764e+01	3.898905e+02
2.540000e-06	4.124779e-09	1.556298e-09	2.203756e+01	3.944712e+02
2.550000e-06	4.174833e-09	1.573711e-09	2.230498e+01	3.989120e+02
2.560000e-06	4.224408e-09	1.591003e-09	2.256984e+01	4.032144e+02
2.570000e-06	4.273520e-09	1.607623e-09	2.283224e+01	4.073801e+02
2.580000e-06	4.322217e-09	1.623037e-09	2.309241e+01	4.114114e+02
2.590000e-06	4.370565e-09	1.637840e-09	2.335072e+01	4.153113e+02
2.600000e-06	4.418635e-09	1.652512e-09	2.360754e+01	4.190834e+02
2.610000e-06	4.466470e-09	1.666597e-09	2.386311e+01	4.227318e+02
2.620000e-06	4.514066e-09	1.680010e-09	2.411741e+01	4.262617e+02
2.630000e-06	4.561385e-09	1.693177e-09	2.437022e+01	4.296784e+02
2.640000e-06	4.608381e-09	1.706343e-09	2.462131e+01	4.329881e+02
2.650000e-06	4.655028e-09	1.719537e-09	2.487053e+01	4.361972e+02
2.660000e-06	4.701330e-09	1.732273e-09	2.511791e+01	4.393121e+02
2.670000e-06	4.747303e-09	1.744222e-09	2.536353e+01	4.423395e+02
2.680000e-06	4.792967e-09	1.755375e-09	2.560750e+01	4.452856e+02
2.690000e-06	4.838314e-09	1.766155e-09	2.584978e+01	4.481563e+02
2.700000e-06	4.883327e-09	1.777212e-09	2.609027e+01	4.509570e+02
2.710000e-06	4.927998e-09	1.788417e-09	2.632893e+01	4.536923e+02
2.720000e-06	4.972356e-09	1.799359e-09	2.656593e+01	4.563661e+02
2.730000e-06	5.016455e-09	1.810173e-09	2.680154e+01	4.589814e+02
2.740000e-06	5.060334e-09	1.821206e-09	2.703597e+01	4.615407e+02
2.750000e-06	5.103983e-09	1.831824e-09	2.726918e+01	4.640456e+02
2.760000e-06	5.147320e-09	1.841277e-09	2.750072e+01	4.664974e+02
2.770000e-06	5.190220e-09	1.850116e-09	2.772992e+01	4.688969e+02
2.780000e-06	5.232560e-09	1.859118e-09	2.795613e+01	4.712448e+02
2.790000e-06	5.274269e-09	1.868285e-09	2.817897e+01	4.735418e+02
2.800000e-06	5.315367e-09	1.877740e-09	2.839854e+01	4.757887e+02
2.810000e-06	5.355962e-09	1.887385e-09	2.861543e+01	4.779867e+02
2.820000e-06	5.396187e-09	1.896230e-09	2.883034e+01	4.801373e+02
2.830000e-06	5.436140e-09	1.904319e-09	2.904380e+01	4.822423e+02
2.840000e-06	5.475848e-09	1.912525e-09	2.925595e+01	4.843040e+02
2.850000e-06	5.515270e-09	1.920931e-09	2.946657e+01	4.863246e+02
2.860000e-06	5.554331e-09	1.929255e-09	2.967526e+01	4.883069e+02
2.870000e-06	5.592978e-09	1.937470e-09	2.988175e+01	4.902532e+02
2.880000e-06	5.631195e-09	1.945503e-09	3.008593e+01	4.921660e+02
2.890000e-06	5.668991e-09	1.953007e-09	3.028786e+01	4.940472e+02
2.900000e-06	5.706365e-09	1.960185e-09	3.048754e+01	4.958983e+02
2.910000e-06	5.743320e-09	1.967247e-09	3.068498e+01	4.977203e+02
2.920000e-06	5.779885e-09	1.974170e-09	3.088034e+01	4.995136e+02
2.930000e-06	5.816119e-09	1.981589e-09	3.107393e+01	5.012780e+02
2.940000e-06	5.852093e-09	1.989656e-09	3.126613e+01	5.030130e+02
2.950000e-06	5.887818e-09	1.997279e-09	3.145700e+01	5.047175e+02
2.960000e-06	5.923223e-09	2.003139e-09	3.164616e+01	5.063904e+02
2.970000e-06	5.958167e-09	2.008254e-09	3.183285e+01	5.080307e+02
2.980000e-06	5.992495e-09	2.014259e-09	3.201626e+01	5.096373e+02
2.990000e-06	6.026117e-09	2.020371e-09	3.219589e+01	5.112099e+02
3.000000e-06	6.059068e-09	2.026441e-09	3.237194e+01	5.127482e+02
3.010000e-06	6.091488e-09	2.033077e-09	3.254515e+01	5.142530e+02
3.020000e-06	6.123537e-09	2.039489e-09	3.271638e+01	5.157253e+02
3.030000e-06	6.155289e-09	2.045391e-09	3.288602e+01	5.171668e+02
3.040000e-06	6.186712e-09	2.051278e-09	3.305390e+01	5.185797e+02
3.050000e-06	6.217722e-09	2.056533e-09	3.321958e+01	5.199664e+02
3.060000e-06	6.248277e-09	2.060740e-09	3.338283e+01	5.213294e+02
3.070000e-06	6.278380e-09	2.065387e-09	3.354366e+01	5.226711e+02
3.080000e-06	6.308039e-09	2.071226e-09	3.370213e+01	5.239936e+02
3.090000e-06	6.337264e-09	2.076984e-09	3.385827e+01	5.252983e+02
3.100000e-06	6.366064e-09	2.082161e-09	3.401214e+01	5.265862e+02
3.110000e-06	6.394473e-09	2.087116e-09	3.416392e+01	5.278575e+02
3.120000e-06	6.422563e-09	2.091788e-09	3.431400e+01	5.291116e+02
3.130000e-06	6.450372e-09	2.096198e-09	3.446257e+01	5.303473e+02
3.140000e-06	6.477834e-09	2.100651e-09	3.460930e+01	5.315628e+02
3.150000e-06	6.504785e-09	2.105264e-09	3.475329e+01	5.327561e+02
3.160000e-06	6.531038e-09	2.109753e-09	3.489355e+01	5.339249e+02
3.170000e-06	6.556512e-09	2.114228e-09	3.502965e+01	5.350670e+02
3.180000e-06	6.581289e-09	2.118747e-09	3.516203e+01	5.361807e+02
3.190000e-06	6.605545e-09	2.122910e-09	3.529162e+01	5.372644e+02
3.200000e-06	6.629418e-09	2.126911e-09	3.541917e+01	5.383175e+02
3.210000e-06	6.652920e-09	2.130843e-09	3.554473e+01	5.393400e+02
3.220000e-06	6.675983e-09	2.134657e-09	3.566795e+01	5.403326e+02
3.230000e-06	6.698566e-09	2.138629e-09	3.578861e+01	5.412965e+02
3.240000e-06	6.720691e-09	2.142349e-09	3.590681e+01	5.422335e+02
3.250000e-06	6.742368e-09	2.145481e-09	3.602263e+01	5.431458e+02
3.260000e-06	6.763572e-09	2.148590e-09	3.613591e+01	5.440356e+02
3.270000e-06	6.784287e-09	2.151992e-09	3.624659e+01	5.449049e+02
3.280000e-06	6.804583e-09	2.155595e-09	3.635503e+01	5.457555e+02
3.290000e-06	6.824555e-09	2.159044e-09	3.646173e+01	5.465887e+02
3.300000e-06	6.844212e-09	2.162020e-09	3.656676e+01	5.474050e+02
3.310000e-06	6.863457e-09	2.165076e-09	3.666958e+01	5.482045e+02
3.320000e-06	6.882166e-09	2.168427e-09	3.676953e+01	5.489864e+02
3.330000e-06	6.900288e-09	2.171244e-09	3.686635e+01	5.497494e+02
3.340000e-06	6.917872e-09	2.173632e-09	3.696030e+01	5.504920e+02
3.350000e-06	6.935019e-09	2.176134e-09	3.705191e+01	5.512122e+02
3.360000e-06	6.951781e-09	2.178358e-09	3.714147e+01	5.519083e+02
3.370000e-06	6.968081e-09	2.180624e-09	3.722856e+01	5.525785e+02
3.380000e-06	6.983786e-09	2.183558e-09	3.731246e+01	5.532217e+02
3.390000e-06	6.998827e-09	2.186514e-09	3.739282e+01	5.538371e+02
3.400000e-06	7.013250e-09	2.188624e-09	3.746988e+01	5.544248e+02
3.410000e-06	7.027136e-09	2.190198e-09	3.754407e+01	5.549852e+02
3.420000e-06	7.040504e-09	2.192026e-09	3.761549e+01	5.555197e+02
3.430000e-06	7.053334e-09	2.194202e-09	3.768404e+01	5.560298e+02
3.440000e-06	7.065657e-09	2.196284e-09	3.774988e+01	5.565177e+02
3.450000e-06	7.077510e-09	2.198042e-09	3.781321e+01	5.569853e+02
3.460000e-06	7.088842e-09	2.199378e-09	3.787375e+01	5.574346e+02
3.470000e-06	7.099502e-09	2.200583e-09	3.793070e+01	5.578674e+02
3.480000e-06	7.109362e-09	2.202068e-09	3.798338e+01	5.582848e+02
3.490000e-06	7.118440e-09	2.203567e-09	3.803189e+01	5.586875e+02
3.500000e-06	7.126904e-09	2.204687e-09	3.807711e+01	5.590756e+02
3.510000e-06	7.134948e-09	2.205619e-09	3.812008e+01	5.594485e+02
3.520000e-06	7.142645e-09	2.206788e-09	3.816121e+01	5.598051e+02
3.530000e-06	7.149924e-09	2.208092e-09	3.820009e+01	5.601442e+02
3.540000e-06	7.156692e-09	2.209157e-09	3.823626e+01	5.604642e+02
3.550000e-06	7.162932e-09	2.209574e-09	3.826959e+01	5.607638e+02
3.560000e-06	7.168657e-09	2.209913e-09	3.830018e+01	5.610419e+02
3.570000e-06	7.173851e-09	2.210954e-09	3.832793e+01	5.612978e+02
3.580000e-06	7.178529e-09	2.212088e-09	3.835292e+01	5.615315e+02
3.590000e-06	7.182783e-09	2.212944e-09	3.837565e+01	5.617436e+02
3.600000e-06	7.186709e-09	2.213784e-09	3.839663e+01	5.619354e+02
3.610000e-06	7.190282e-09	2.214273e-09	3.841572e+01	5.621085e+02
3.620000e-06	7.193351e-09	2.214263e-09	3.843211e+01	5.622652e+02
3.630000e-06	7.195735e-09	2.214201e-09	3.844485e+01	5.624077e+02
3.640000e-06	7.197340e-09	2.214475e-09	3.845343e+01	5.625382e+02
3.650000e-06	7.198219e-09	2.214901e-09	3.845812e+01	5.626586e+02
3.660000e-06	7.198547e-09	2.214976e-09	3.845987e+01	5.627702e+02
3.670000e-06	7.198481e-09	2.215168e-09	3.845952e+01	5.628737e+02
3.680000e-06	7.198043e-09	2.215658e-09	3.845718e+01	5.629687e+02
3.690000e-06	7.197145e-09	2.215398e-09	3.845238e+01	5.630542e+02
3.700000e-06	7.195736e-09	2.214633e-09	3.844486e+01	5.631283e+02
3.710000e-06	7.193855e-09	2.214190e-09	3.843481e+01	5.631887e+02
3.720000e-06	7.191530e-09	2.214058e-09	3.842239e+01	5.632325e+02
3.730000e-06	7.188736e-09	2.215172e-09	3.840746e+01	5.632569e+02
3.740000e-06	7.185463e-09	2.220416e-09	3.838997e+01	5.632591e+02
3.750000e-06	7.181729e-09	2.221529e-09	3.837002e+01	5.632372e+02
3.760000e-06	7.177411e-09	2.198958e-09	3.834695e+01	5.631897e+02
3.770000e-06	7.172201e-09	2.183156e-09	3.831912e+01	5.631163e+02
3.780000e-06	7.166078e-09	2.225873e-09	3.828640e+01	5.630180e+02
3.790000e-06	7.159545e-09	2.256061e-09	3.825150e+01	5.628966e+02
3.800000e-06	7.152913e-09	2.202900e-09	3.821607e+01	5.627551e+02
3.810000e-06	7.145889e-09	2.163412e-09	3.817854e+01	5.625974e+02
3.820000e-06	7.138216e-09	2.219238e-09	3.813755e+01	5.624279e+02
3.830000e-06	7.130070e-09	2.265491e-09	3.809402e+01	5.622514e+02
3.840000e-06	7.121649e-09	2.205068e-09	3.804903e+01	5.620723e+02
3.850000e-06	7.112770e-09	2.154522e-09	3.800160e+01	5.618950e+02
3.860000e-06	7.103211e-09	2.216252e-09	3.795052e+01	5.617227e+02
3.870000e-06	7.093122e-09	2.264792e-09	3.789662e+01	5.615579e+02
3.880000e-06	7.082711e-09	2.201275e-09	3.784100e+01	5.614017e+02
3.890000e-06	7.071833e-09	2.159853e-09	3.778288e+01	5.612543e+02
3.900000e-06	7.060292e-09	2.221679e-09	3.772122e+01	5.611144e+02
3.910000e-06	7.048170e-09	2.244895e-09	3.765646e+01	5.609800e+02
3.920000e-06	7.035481e-09	2.182892e-09	3.758866e+01	5.608482e+02
3.930000e-06	7.021960e-09	2.182560e-09	3.751642e+01	5.607158e+02
3.940000e-06	7.007515e-09	2.242399e-09	3.743925e+01	5.605792e+02
3.950000e-06	6.992419e-09	2.215132e-09	3.735860e+01	5.604354e+02
3.960000e-06	6.976884e-09	2.156686e-09	3.727560e+01	5.602815e+02
3.970000e-06	6.960914e-09	2.203986e-09	3.719027e+01	5.601154e+02
3.980000e-06	6.944552e-09	2.251616e-09	3.710285e+01	5.599359e+02
3.990000e-06	6.927818e-09	2.193770e-09	3.701345e+01	5.597424e+02
4.000000e-06	6.910592e-09	2.168734e-09	3.692142e+01	5.595352e+02
4.010000e-06	6.892812e-09	2.223594e-09	3.682643e+01	5.593151e+02
4.020000e-06	6.874565e-09	2.208828e-09	3.672893e+01	5.590830e+02
4.030000e-06	6.855870e-09	2.151464e-09	3.662905e+01	5.588400e+02
4.040000e-06	6.836666e-09	2.192211e-09	3.652645e+01	5.585868e+02
4.050000e-06	6.817002e-09	2.237039e-09	3.642139e+01	5.583237e+02
4.060000e-06	6.796982e-09	2.183116e-09	3.631443e+01	5.580498e+02
4.070000e-06	6.776579e-09	2.165608e-09	3.620542e+01	5.577635e+02
4.080000e-06	6.755666e-09	2.216716e-09	3.609369e+01	5.574623e+02
4.090000e-06	6.734133e-09	2.192928e-09	3.597864e+01	5.571426e+02
4.100000e-06	6.711887e-09	2.146548e-09	3.585979e+01	5.568000e+02
4.110000e-06	6.688912e-09	2.189381e-09	3.573704e+01	5.564296e+02
4.120000e-06	6.665362e-09	2.206778e-09	3.561122e+01	5.560266e+02
4.130000e-06	6.641422e-09	2.157255e-09	3.548332e+01	5.555859e+02
4.140000e-06	6.617155e-09	2.168190e-09	3.535367e+01	5.551035e+02
4.150000e-06	6.592512e-09	2.201867e-09	3.522200e+01	5.545758e+02
4.160000e-06	6.567413e-09	2.172351e-09	3.508791e+01	5.540009e+02
4.170000e-06	6.541826e-09	2.160865e-09	3.495120e+01	5.533778e+02
4.180000e-06	6.515760e-09	2.182755e-09	3.481194e+01	5.527073e+02
4.190000e-06	6.489200e-09	2.166383e-09	3.467003e+01	5.519913e+02
4.200000e-06	6.462128e-09	2.152343e-09	3.452539e+01	5.512333e+02
4.210000e-06	6.434604e-09	2.167915e-09	3.437834e+01	5.504374e+02
4.220000e-06	6.406727e-09	2.160196e-09	3.422941e+01	5.496088e+02
4.230000e-06	6.378559e-09	2.146654e-09	3.407891e+01	5.487525e+02
4.240000e-06	6.350069e-09	2.152983e-09	3.392669e+01	5.478737e+02
4.250000e-06	6.321102e-09	2.147527e-09	3.377193e+01	5.469771e+02
4.260000e-06	6.291476e-09	2.140255e-09	3.361365e+01	5.460665e+02
4.270000e-06	6.261125e-09	2.144036e-09	3.345150e+01	5.451448e+02
4.280000e-06	6.230115e-09	2.133696e-09	3.328582e+01	5.442137e+02
4.290000e-06	6.198582e-09	2.125010e-09	3.311735e+01	5.432736e+02
4.300000e-06	6.166665e-09	2.130320e-09	3.294682e+01	5.423239e+02
4.310000e-06	6.134407e-09	2.122732e-09	3.277448e+01	5.413633e+02
4.320000e-06	6.101761e-09	2.113919e-09	3.260006e+01	5.403896e+02
4.330000e-06	6.068677e-09	2.117879e-09	3.242330e+01	5.394002e+02
4.340000e-06	6.035156e-09	2.110604e-09	3.224420e+01	5.383926e+02
4.350000e-06	6.001225e-09	2.101337e-09	3.206292e+01	5.373645e+02
4.360000e-06	5.966888e-09	2.104759e-09	3.187947e+01	5.363141e+02
4.370000e-06	5.932119e-09	2.098026e-09	3.169370e+01	5.352400e+02
4.380000e-06	5.896914e-09	2.085677e-09	3.150561e+01	5.341420e+02
4.390000e-06	5.861341e-09	2.086535e-09	3.131556e+01	5.330204e+02
4.400000e-06	5.825490e-09	2.084845e-09	3.112402e+01	5.318759e+02
4.410000e-06	5.789391e-09	2.075938e-09	3.093115e+01	5.307103e+02
4.420000e-06	5.752994e-09	2.073194e-09	3.073669e+01	5.295251e+02
4.430000e-06	5.716162e-09	2.069986e-09	3.053990e+01	5.283222e+02
4.440000e-06	5.678736e-09	2.062012e-09	3.033995e+01	5.271033e+02
4.450000e-06	5.640632e-09	2.056992e-09	3.013637e+01	5.258695e+02
4.460000e-06	5.601868e-09	2.053130e-09	2.992927e+01	5.246215e+02
4.470000e-06	5.562559e-09	2.047442e-09	2.971925e+01	5.233591e+02
4.480000e-06	5.522851e-09	2.041592e-09	2.950710e+01	5.220818e+02
4.490000e-06	5.482846e-09	2.035871e-09	2.929336e+01	5.207879e+02
4.500000e-06	5.442561e-09	2.031836e-09	2.907813e+01	5.194755e+02
4.510000e-06	5.401946e-09	2.027498e-09	2.886113e+01	5.181423e+02
4.520000e-06	5.360943e-09	2.020257e-09	2.864207e+01	5.167858e+02
4.530000e-06	5.319547e-09	2.014256e-09	2.842090e+01	5.154034e+02
4.540000e-06	5.277806e-09	2.010082e-09	2.819789e+01	5.139932e+02
4.550000e-06	5.235751e-09	2.003848e-09	2.797320e+01	5.125534e+02
4.560000e-06	5.193349e-09	1.997586e-09	2.774666e+01	5.110832e+02
4.570000e-06	5.150558e-09	1.992585e-09	2.751803e+01	5.095821e+02
4.580000e-06	5.107389e-09	1.985759e-09	2.728740e+01	5.080508e+02
4.590000e-06	5.063883e-09	1.978424e-09	2.705496e+01	5.064902e+02
4.600000e-06	5.020085e-09	1.973294e-09	2.682096e+01	5.049020e+02
4.610000e-06	4.976033e-09	1.967892e-09	2.658560e+01	5.032881e+02
4.620000e-06	4.931728e-09	1.960784e-09	2.634889e+01	5.016507e+02
4.630000e-06	4.887125e-09	1.953990e-09	2.611058e+01	4.999917e+02
4.640000e-06	4.842174e-09	1.947753e-09	2.587042e+01	4.983129e+02
4.650000e-06	4.796846e-09	1.941191e-09	2.562825e+01	4.966156e+02
4.660000e-06	4.751122e-09	1.934716e-09	2.538396e+01	4.949004e+02
4.670000e-06	4.705029e-09	1.928174e-09	2.513770e+01	4.931674e+02
4.680000e-06	4.658627e-09	1.921300e-09	2.488978e+01	4.914161e+02
4.690000e-06	4.611958e-09	1.914994e-09	2.464044e+01	4.896454e+02
4.700000e-06	4.565023e-09	1.908829e-09	2.438968e+01	4.878535e+02
4.710000e-06	4.517789e-09	1.901153e-09	2.413732e+01	4.860387e+02
4.720000e-06	4.470213e-09	1.892236e-09	2.388313e+01	4.841988e+02
4.730000e-06	4.422245e-09	1.884126e-09	2.362686e+01	4.823320e+02
4.740000e-06	4.373858e-09	1.877341e-09	2.336834e+01	4.804363e+02
4.750000e-06	4.325045e-09	1.870752e-09	2.310755e+01	4.785104e+02
4.760000e-06	4.275828e-09	1.863643e-09	2.284459e+01	4.765532e+02
4.770000e-06	4.226245e-09	1.855978e-09	2.257969e+01	4.745641e+02
4.780000e-06	4.176330e-09	1.847631e-09	2.231300e+01	4.725430e+02
4.790000e-06	4.126108e-09	1.839352e-09	2.204468e+01	4.704902e+02
4.800000e-06	4.075578e-09	1.831973e-09	2.177471e+01	4.684061e+02
4.810000e-06	4.024733e-09	1.824184e-09	2.150306e+01	4.662917e+02
4.820000e-06	3.973585e-09	1.815306e-09	2.122979e+01	4.641475e+02
4.830000e-06	3.922151e-09	1.806486e-09	2.095500e+01	4.619743e+02
4.840000e-06	3.870444e-09	1.798204e-09	2.067873e+01	4.597727e+02
4.850000e-06	3.818465e-09	1.789952e-09	2.040103e+01	4.575429e+02
4.860000e-06	3.766208e-09	1.780634e-09	2.012184e+01	4.552848e+02
4.870000e-06	3.713646e-09	1.771037e-09	1.984101e+01	4.529981e+02
4.880000e-06	3.660741e-09	1.762793e-09	1.955835e+01	4.506822e+02
4.890000e-06	3.607466e-09	1.754794e-09	1.927372e+01	4.483362e+02
4.900000e-06	3.553795e-09	1.745389e-09	1.898697e+01	4.459591e+02
4.910000e-06	3.499715e-09	1.734692e-09	1.869804e+01	4.435498e+02
4.920000e-06	3.445234e-09	1.723550e-09	1.840697e+01	4.411074e+02
4.930000e-06	3.390388e-09	1.712658e-09	1.811394e+01	4.386308e+02
4.940000e-06	3.335222e-09	1.702890e-09	1.781920e+01	4.361193e+02
4.950000e-06	3.279783e-09	1.694301e-09	1.752300e+01	4.335721e+02
4.960000e-06	3.224123e-09	1.685360e-09	1.722563e+01	4.309888e+02
4.970000e-06	3.168286e-09	1.675675e-09	1.692731e+01	4.283690e+02
4.980000e-06	3.112292e-09	1.665650e-09	1.662814e+01	4.257121e+02
4.990000e-06	3.056140e-09	1.654636e-09	1.632814e+01	4.230177e+02
5.000000e-06	2.999820e-09	1.642361e-09	1.602723e+01	4.202853e+02
5.010000e-06	2.943322e-09	1.629867e-09	1.572538e+01	4.175140e+02
5.020000e-06	2.886633e-09	1.618013e-09	1.542251e+01	4.147027e+02
5.030000e-06	2.829745e-09	1.606874e-09	1.511857e+01	4.118499e+02
5.040000e-06	2.772659e-09	1.596617e-09	1.481358e+01	4.089540e+02
5.050000e-06	2.715385e-09	1.586370e-09	1.450757e+01	4.060128e+02
5.060000e-06	2.657927e-09	1.574664e-09	1.420059e+01	4.030241e+02
5.070000e-06	2.600285e-09	1.561764e-09	1.389263e+01	3.999854e+02
5.080000e-06	2.542459e-09	1.548807e-09	1.358368e+01	3.968941e+02
5.090000e-06	2.484452e-09	1.536152e-09	1.327376e+01	3.937476e+02
5.100000e-06	2.426270e-09	1.523342e-09	1.296291e+01	3.905434e+02
5.110000e-06	2.367908e-09	1.510054e-09	1.265110e+01	3.872790e+02
5.120000e-06	2.309368e-09	1.496941e-09	1.233833e+01	3.839524e+02
5.130000e-06	2.250647e-09	1.483921e-09	1.202461e+01	3.805613e+02
5.140000e-06	2.191740e-09	1.470271e-09	1.170988e+01	3.771041e+02
5.150000e-06	2.132653e-09	1.455912e-09	1.139420e+01	3.735789e+02
5.160000e-06	2.073404e-09	1.441262e-09	1.107765e+01	3.699841e+02
5.170000e-06	2.014016e-09	1.426570e-09	1.076035e+01	3.663180e+02
5.180000e-06	1.954508e-09	1.411832e-09	1.044241e+01	3.625787e+02
5.190000e-06	1.894896e-09	1.397329e-09	1.012392e+01	3.587643e+02
5.200000e-06	1.835193e-09	1.382322e-09	9.804945e+00	3.548724e+02
5.210000e-06	1.775404e-09	1.365858e-09	9.485511e+00	3.509007e+02
5.220000e-06	1.715537e-09	1.348757e-09	9.165657e+00	3.468462e+02
5.230000e-06	1.655595e-09	1.332108e-09	8.845402e+00	3.427059e+02
5.240000e-06	1.595584e-09	1.315679e-09	8.524776e+00	3.384766e+02
5.250000e-06	1.535505e-09	1.299028e-09	8.203790e+00	3.341549e+02
5.260000e-06	1.475353e-09	1.282247e-09	7.882412e+00	3.297374e+02
5.270000e-06	1.415124e-09	1.264845e-09	7.560624e+00	3.252208e+02
5.280000e-06	1.354818e-09	1.246379e-09	7.238424e+00	3.206018e+02
5.290000e-06	1.294429e-09	1.227394e-09	6.915781e+00	3.158776e+02
5.300000e-06	1.233955e-09	1.208064e-09	6.592687e+00	3.110452e+02
5.310000e-06	1.173403e-09	1.188139e-09	6.269173e+00	3.061022e+02
5.320000e-06	1.112777e-09	1.168286e-09	5.945262e+00	3.010461e+02
5.330000e-06	1.052084e-09	1.149337e-09	5.621000e+00	2.958745e+02
5.340000e-06	9.913306e-10	1.130347e-09	5.296409e+00	2.905848e+02
5.350000e-06	9.305106e-10	1.109776e-09	4.971465e+00	2.851745e+02
5.360000e-06	8.696181e-10	1.088178e-09	4.646134e+00	2.796403e+02
5.370000e-06	8.086485e-10	1.066385e-09	4.320391e+00	2.739787e+02
5.380000e-06	7.476014e-10	1.043690e-09	3.994234e+00	2.681854e+02
5.390000e-06	6.864718e-10	1.020532e-09	3.667636e+00	2.622556e+02
5.400000e-06	6.252596e-10	9.973264e-10	3.340597e+00	2.561837e+02
5.410000e-06	5.639749e-10	9.732480e-10	3.013171e+00	2.499636e+02
5.420000e-06	5.026245e-10	9.484793e-10	2.685394e+00	2.435889e+02
5.430000e-06	4.412226e-10	9.234027e-10	2.357341e+00	2.370528e+02
5.440000e-06	3.797802e-10	8.977914e-10	2.029073e+00	2.303488e+02
5.450000e-06	3.183031e-10	8.712023e-10	1.700619e+00	2.234707e+02
5.460000e-06	2.568092e-10	8.435589e-10	1.372076e+00	2.164129e+02
5.470000e-06	1.953150e-10	8.149936e-10	1.043530e+00	2.091712e+02
5.480000e-06	1.338279e-10	7.855701e-10	7.150236e-01	2.017427e+02
5.490000e-06	7.234801e-11	7.554477e-10	3.865548e-01	1.941260e+02
5.500000e-06	1.086753e-11	7.242495e-10	5.808293e-02	1.863219e+02
5.510000e-06	-5.061667e-11	6.923162e-10	-2.704088e-01	1.783330e+02
5.520000e-06	-1.121056e-10	6.606000e-10	-5.989259e-01	1.701641e+02
5.530000e-06	-1.736001e-10	6.288374e-10	-9.274727e-01	1.618218e+02
5.540000e-06	-2.350891e-10	5.962545e-10	-1.255990e+00	1.533147e+02
5.550000e-06	-2.965612e-10	5.625500e-10	-1.584417e+00	1.446528e+02
5.560000e-06	-3.580085e-10	5.276350e-10	-1.912712e+00	1.358477e+02
5.570000e-06	-4.194184e-10	4.919000e-10	-2.240807e+00	1.269116e+02
5.580000e-06	-4.807797e-10	4.559662e-10	-2.568642e+00	1.178575e+02
5.590000e-06	-5.420843e-10	4.198981e-10	-2.896175e+00	1.086984e+02
5.600000e-06	-6.033160e-10	3.837403e-10	-3.223318e+00	9.944729e+01
5.610000e-06	-6.644610e-10	3.478688e-10	-3.549997e+00	9.011653e+01
5.620000e-06	-7.255161e-10	3.122349e-10	-3.876197e+00	8.071777e+01
5.630000e-06	-7.864850e-10	2.759132e-10	-4.201937e+00	7.126166e+01
5.640000e-06	-8.473760e-10	2.386388e-10	-4.527260e+00	6.175779e+01
5.650000e-06	-9.081932e-10	2.008670e-10	-4.852189e+00	5.221457e+01
5.660000e-06	-9.689428e-10	1.625101e-10	-5.176757e+00	4.263929e+01
5.670000e-06	-1.029623e-09	1.239318e-10	-5.500955e+00	3.303820e+01
5.680000e-06	-1.090229e-09	8.608071e-11	-5.824755e+00	2.341663e+01
5.690000e-06	-1.150762e-09	4.893610e-11	-6.148171e+00	1.377918e+01
5.700000e-06	-1.211219e-09	1.174092e-11	-6.471173e+00	4.129884e+00
5.710000e-06	-1.271598e-09	-2.552503e-11	-6.793761e+00	-5.527563e+00
5.720000e-06	-1.331901e-09	-6.251308e-11	-7.115947e+00	-1.518961e+01
5.730000e-06	-1.392130e-09	-9.964569e-11	-7.437732e+00	-2.485268e+01
5.740000e-06	-1.452286e-09	-1.371685e-10	-7.759131e+00	-3.451300e+01
5.750000e-06	-1.512371e-09	-1.751066e-10	-8.080151e+00	-4.416648e+01
5.760000e-06	-1.572384e-09	-2.132038e-10	-8.400787e+00	-5.380862e+01
5.770000e-06	-1.632324e-09	-2.507769e-10	-8.721030e+00	-6.343446e+01
5.780000e-06	-1.692193e-09	-2.881404e-10	-9.040894e+00	-7.303859e+01
5.790000e-06	-1.751989e-09	-3.256678e-10	-9.360371e+00	-8.261512e+01
5.800000e-06	-1.811704e-09	-3.629586e-10	-9.679412e+00	-9.215774e+01
5.810000e-06	-1.871326e-09	-3.998959e-10	-9.997955e+00	-1.016598e+02
5.820000e-06	-1.930839e-09	-4.365397e-10	-1.031592e+01	-1.111145e+02
5.830000e-06	-1.990225e-09	-4.731746e-10	-1.063320e+01	-1.205146e+02
5.840000e-06	-2.049471e-09	-5.099196e-10	-1.094974e+01	-1.298531e+02
5.850000e-06	-2.108565e-09	-5.464089e-10	-1.126546e+01	-1.391228e+02
5.860000e-06	-2.167496e-09	-5.823169e-10	-1.158031e+01	-1.483169e+02
5.870000e-06	-2.226248e-09	-6.177624e-10	-1.189421e+01	-1.574287e+02
5.880000e-06	-2.284818e-09	-6.531401e-10	-1.220713e+01	-1.664516e+02
5.890000e-06	-2.343213e-09	-6.883350e-10	-1.251912e+01	-1.753797e+02
5.900000e-06	-2.401429e-09	-7.231616e-10	-1.283015e+01	-1.842073e+02
5.910000e-06	-2.459464e-09	-7.573833e-10	-1.314022e+01	-1.929292e+02
5.920000e-06	-2.517319e-09	-7.907025e-10	-1.344932e+01	-2.015407e+02
5.930000e-06	-2.574989e-09	-8.237430e-10	-1.375744e+01	-2.100374e+02
5.940000e-06	-2.632466e-09	-8.568548e-10	-1.406452e+01	-2.184156e+02
5.950000e-06	-2.689742e-09	-8.893880e-10	-1.437053e+01	-2.266717e+02
5.960000e-06	-2.746809e-09	-9.213174e-10	-1.467543e+01	-2.348026e+02
5.970000e-06	-2.803665e-09	-9.531469e-10	-1.497919e+01	-2.428055e+02
5.980000e-06	-2.860317e-09	-9.845472e-10	-1.528187e+01	-2.506779e+02
5.990000e-06	-2.916777e-09	-1.014990e-09	-1.558352e+01	-2.584176e+02
6.000000e-06	-2.973065e-09	-1.044978e-09	-1.588425e+01	-2.660223e+02
6.010000e-06	-3.029206e-09	-1.074541e-09	-1.618420e+01	-2.734903e+02
6.020000e-06	-3.085208e-09	-1.103465e-09	-1.648340e+01	-2.808198e+02
6.030000e-06	-3.141065e-09	-1.132180e-09	-1.678184e+01	-2.880092e+02
6.040000e-06	-3.196753e-09	-1.160551e-09	-1.707936e+01	-2.950571e+02
6.050000e-06	-3.252230e-09	-1.188091e-09	-1.737576e+01	-3.019622e+02
6.060000e-06	-3.307445e-09	-1.214668e-09	-1.767076e+01	-3.087235e+02
6.070000e-06	-3.362347e-09	-1.240313e-09	-1.796409e+01	-3.153402e+02
6.080000e-06	-3.416898e-09	-1.265450e-09	-1.825553e+01	-3.218115e+02
6.090000e-06	-3.471056e-09	-1.290591e-09	-1.854488e+01	-3.281372e+02
6.100000e-06	-3.524801e-09	-1.315098e-09	-1.883203e+01	-3.343169e+02
6.110000e-06	-3.578140e-09	-1.338540e-09	-1.911700e+01	-3.403508e+02
6.120000e-06	-3.631097e-09	-1.361458e-09	-1.939993e+01	-3.462389e+02
6.130000e-06	-3.683715e-09	-1.384023e-09	-1.968106e+01	-3.519816e+02
6.140000e-06	-3.736039e-09	-1.405854e-09	-1.996061e+01	-3.575793e+02
6.150000e-06	-3.788104e-09	-1.426857e-09	-2.023878e+01	-3.630325e+02
6.160000e-06	-3.839918e-09	-1.447340e-09	-2.051561e+01	-3.683417e+02
6.170000e-06	-3.891471e-09	-1.467661e-09	-2.079104e+01	-3.735074e+02
6.180000e-06	-3.942739e-09	-1.487961e-09	-2.106495e+01	-3.785302e+02
6.190000e-06	-3.993702e-09	-1.507805e-09	-2.133724e+01	-3.834106e+02
6.200000e-06	-4.044357e-09	-1.526696e-09	-2.160787e+01	-3.881493e+02
6.210000e-06	-4.094699e-09	-1.544610e-09	-2.187684e+01	-3.927471e+02
6.220000e-06	-4.144721e-09	-1.562207e-09	-2.214409e+01	-3.972048e+02
6.230000e-06	-4.194395e-09	-1.579680e-09	-2.240948e+01	-4.015239e+02
6.240000e-06	-4.243670e-09	-1.596500e-09	-2.267275e+01	-4.057061e+02
6.250000e-06	-4.292484e-09	-1.612672e-09	-2.293355e+01	-4.097536e+02
6.260000e-06	-4.340801e-09	-1.628539e-09	-2.319169e+01	-4.136693e+02
6.270000e-06	-4.388638e-09	-1.644127e-09	-2.344727e+01	-4.174566e+02
6.280000e-06	-4.436047e-09	-1.659163e-09	-2.370056e+01	-4.211198e+02
6.290000e-06	-4.483103e-09	-1.673527e-09	-2.395197e+01	-4.246637e+02
6.300000e-06	-4.529874e-09	-1.687168e-09	-2.420186e+01	-4.280938e+02
6.310000e-06	-4.576410e-09	-1.700092e-09	-2.445049e+01	-4.314161e+02
6.320000e-06	-4.622729e-09	-1.712977e-09	-2.469795e+01	-4.346370e+02
6.330000e-06	-4.668814e-09	-1.726086e-09	-2.494418e+01	-4.377629e+02
6.340000e-06	-4.714625e-09	-1.738343e-09	-2.518893e+01	-4.408005e+02
6.350000e-06	-4.760111e-09	-1.749540e-09	-2.543195e+01	-4.437561e+02
6.360000e-06	-4.805237e-09	-1.760526e-09	-2.567304e+01	-4.466356e+02
6.370000e-06	-4.850004e-09	-1.771727e-09	-2.591222e+01	-4.494444e+02
6.380000e-06	-4.894456e-09	-1.782884e-09	-2.614972e+01	-4.521873e+02
6.390000e-06	-4.938660e-09	-1.793381e-09	-2.638589e+01	-4.548683e+02
6.400000e-06	-4.982655e-09	-1.803223e-09	-2.662095e+01	-4.574905e+02
6.410000e-06	-5.026426e-09	-1.812993e-09	-2.685480e+01	-4.600564e+02
6.420000e-06	-5.069910e-09	-1.822919e-09	-2.708713e+01	-4.625678e+02
6.430000e-06	-5.113044e-09	-1.832841e-09	-2.731758e+01	-4.650259e+02
6.440000e-06	-5.155801e-09	-1.842393e-09	-2.754602e+01	-4.674316e+02
6.450000e-06	-5.198195e-09	-1.851469e-09	-2.777252e+01	-4.697856e+02
6.460000e-06	-5.240247e-09	-1.860129e-09	-2.799719e+01	-4.720887e+02
6.470000e-06	-5.281948e-09	-1.868278e-09	-2.821999e+01	-4.743416e+02
6.480000e-06	-5.323274e-09	-1.876488e-09	-2.844079e+01	-4.765454e+02
6.490000e-06	-5.364200e-09	-1.885056e-09	-2.865944e+01	-4.787016e+02
6.500000e-06	-5.404752e-09	-1.893412e-09	-2.887610e+01	-4.808119e+02
6.510000e-06	-5.445002e-09	-1.901170e-09	-2.909114e+01	-4.828786e+02
6.520000e-06	-5.485000e-09	-1.908719e-09	-2.930484e+01	-4.849040e+02
6.530000e-06	-5.524732e-09	-1.916104e-09	-2.951712e+01	-4.868907e+02
6.540000e-06	-5.564114e-09	-1.923148e-09	-2.972753e+01	-4.888411e+02
6.550000e-06	-5.603016e-09	-1.929972e-09	-2.993537e+01	-4.907577e+02
6.560000e-06	-5.641320e-09	-1.936767e-09	-3.014002e+01	-4.926425e+02
6.570000e-06	-5.678964e-09	-1.944050e-09	-3.034114e+01	-4.944971e+02
6.580000e-06	-5.715989e-09	-1.951860e-09	-3.053896e+01	-4.963225e+02
6.590000e-06	-5.752531e-09	-1.959629e-09	-3.073419e+01	-4.981191e+02
6.600000e-06	-5.788729e-09	-1.966660e-09	-3.092759e+01	-4.998870e+02
6.610000e-06	-5.824662e-09	-1.972961e-09	-3.111956e+01	-5.016254e+02
6.620000e-06	-5.860306e-09	-1.978912e-09	-3.131000e+01	-5.033336e+02
6.630000e-06	-5.895578e-09	-1.984731e-09	-3.149845e+01	-5.050103e+02
6.640000e-06	-5.930412e-09	-1.990650e-09	-3.168456e+01	-5.066544e+02
6.650000e-06	-5.964801e-09	-1.996449e-09	-3.186829e+01	-5.082651e+02
6.660000e-06	-5.998755e-09	-2.002203e-09	-3.204970e+01	-5.098417e+02
6.670000e-06	-6.032262e-09	-2.008370e-09	-3.222872e+01	-5.113841e+02
6.680000e-06	-6.065307e-09	-2.014547e-09	-3.240527e+01	-5.128928e+02
6.690000e-06	-6.097922e-09	-2.019932e-09	-3.257952e+01	-5.143689e+02
6.700000e-06	-6.130185e-09	-2.024840e-09	-3.275189e+01	-5.158139e+02
6.710000e-06	-6.162143e-09	-2.030176e-09	-3.292264e+01	-5.172301e+02
6.720000e-06	-6.193743e-09	-2.035930e-09	-3.309147e+01	-5.186197e+02
6.730000e-06	-6.224848e-09	-2.041540e-09	-3.325765e+01	-5.199853e+02
6.740000e-06	-6.255319e-09	-2.046911e-09	-3.342045e+01	-5.213294e+02
6.750000e-06	-6.285091e-09	-2.051987e-09	-3.357951e+01	-5.226539e+02
6.760000e-06	-6.314206e-09	-2.056481e-09	-3.373507e+01	-5.239606e+02
6.770000e-06	-6.342794e-09	-2.060975e-09	-3.388781e+01	-5.252503e+02
6.780000e-06	-6.371013e-09	-2.065910e-09	-3.403857e+01	-5.265235e+02
6.790000e-06	-6.398945e-09	-2.070726e-09	-3.418781e+01	-5.277796e+02
6.800000e-06	-6.426540e-09	-2.075213e-09	-3.433524e+01	-5.290174e+02
6.810000e-06	-6.453695e-09	-2.080056e-09	-3.448032e+01	-5.302354e+02
6.820000e-06	-6.480353e-09	-2.085328e-09	-3.462275e+01	-5.314314e+02
6.830000e-06	-6.506524e-09	-2.090210e-09	-3.476257e+01	-5.326031e+02
6.840000e-06	-6.532214e-09	-2.094649e-09	-3.489983e+01	-5.337485e+02
6.850000e-06	-6.557401e-09	-2.099001e-09	-3.503439e+01	-5.348655e+02
6.860000e-06	-6.582106e-09	-2.103050e-09	-3.516639e+01	-5.359528e+02
6.870000e-06	-6.606435e-09	-2.107026e-09	-3.529637e+01	-5.370096e+02
6.880000e-06	-6.630478e-09	-2.111329e-09	-3.542483e+01	-5.380357e+02
6.890000e-06	-6.654207e-09	-2.115665e-09	-3.555160e+01	-5.390317e+02
6.900000e-06	-6.677479e-09	-2.119974e-09	-3.567594e+01	-5.399989e+02
6.910000e-06	-6.700116e-09	-2.124231e-09	-3.579688e+01	-5.409389e+02
6.920000e-06	-6.722007e-09	-2.128234e-09	-3.591384e+01	-5.418540e+02
6.930000e-06	-6.743169e-09	-2.132183e-09	-3.602690e+01	-5.427463e+02
6.940000e-06	-6.763756e-09	-2.135833e-09	-3.613690e+01	-5.436179e+02
6.950000e-06	-6.783951e-09	-2.138713e-09	-3.624479e+01	-5.444706e+02
6.960000e-06	-6.803827e-09	-2.141397e-09	-3.635099e+01	-5.453057e+02
6.970000e-06	-6.823320e-09	-2.144684e-09	-3.645513e+01	-5.461239e+02
6.980000e-06	-6.842332e-09	-2.148427e-09	-3.655671e+01	-5.469253e+02
6.990000e-06	-6.860853e-09	-2.152164e-09	-3.665566e+01	-5.477092e+02
7.000000e-06	-6.878927e-09	-2.155642e-09	-3.675223e+01	-5.484745e+02
7.010000e-06	-6.896550e-09	-2.158639e-09	-3.684638e+01	-5.492195e+02
7.020000e-06	-6.913669e-09	-2.161622e-09	-3.693784e+01	-5.499424e+02
7.030000e-06	-6.930311e-09	-2.164732e-09	-3.702676e+01	-5.506414e+02
7.040000e-06	-6.946580e-09	-2.167436e-09	-3.711368e+01	-5.513147e+02
7.050000e-06	-6.962523e-09	-2.169513e-09	-3.719885e+01	-5.519611e+02
7.060000e-06	-6.978016e-09	-2.171828e-09	-3.728163e+01	-5.525798e+02
7.070000e-06	-6.992818e-09	-2.174908e-09	-3.736071e+01	-5.531707e+02
7.080000e-06	-7.006778e-09	-2.178057e-09	-3.743530e+01	-5.537343e+02
7.090000e-06	-7.019948e-09	-2.180777e-09	-3.750567e+01	-5.542718e+02
7.100000e-06	-7.032508e-09	-2.182912e-09	-3.757277e+01	-5.547847e+02
7.110000e-06	-7.044584e-09	-2.184516e-09	-3.763728e+01	-5.552750e+02
7.120000e-06	-7.056172e-09	-2.186414e-09	-3.769920e+01	-5.557448e+02
7.130000e-06	-7.067227e-09	-2.188846e-09	-3.775826e+01	-5.561962e+02
7.140000e-06	-7.077765e-09	-2.190908e-09	-3.781456e+01	-5.566308e+02
7.150000e-06	-7.087834e-09	-2.192468e-09	-3.786836e+01	-5.570499e+02
7.160000e-06	-7.097428e-09	-2.193905e-09	-3.791962e+01	-5.574542e+02
7.170000e-06	-7.106505e-09	-2.195514e-09	-3.796811e+01	-5.578440e+02
7.180000e-06	-7.115096e-09	-2.197373e-09	-3.801401e+01	-5.582186e+02
7.190000e-06	-7.123313e-09	-2.199297e-09	-3.805792e+01	-5.585771e+02
7.200000e-06	-7.131205e-09	-2.200869e-09	-3.810008e+01	-5.589182e+02
7.210000e-06	-7.138663e-09	-2.201973e-09	-3.813993e+01	-5.592405e+02
7.220000e-06	-7.145492e-09	-2.203063e-09	-3.817641e+01	-5.595425e+02
7.230000e-06	-7.151550e-09	-2.204226e-09	-3.820878e+01	-5.598231e+02
7.240000e-06	-7.156834e-09	-2.205300e-09	-3.823701e+01	-5.600816e+02
7.250000e-06	-7.161491e-09	-2.206394e-09	-3.826189e+01	-5.603179e+02
7.260000e-06	-7.165724e-09	-2.207482e-09	-3.828451e+01	-5.605324e+02
7.270000e-06	-7.169621e-09	-2.208588e-09	-3.830533e+01	-5.607264e+02
7.280000e-06	-7.173114e-09	-2.209657e-09	-3.832399e+01	-5.609016e+02
7.290000e-06	-7.176111e-09	-2.210250e-09	-3.834000e+01	-5.610600e+02
7.300000e-06	-7.178616e-09	-2.210401e-09	-3.835339e+01	-5.612040e+02
7.310000e-06	-7.180688e-09	-2.210701e-09	-3.836446e+01	-5.613357e+02
7.320000e-06	-7.182258e-09	-2.211209e-09	-3.837285e+01	-5.614571e+02
7.330000e-06	-7.183242e-09	-2.212006e-09	-3.837810e+01	-5.615696e+02
7.340000e-06	-7.183759e-09	-2.213037e-09	-3.838087e+01	-5.616738e+02
